[reg_aladin] 
[reg_aladin] Command line:
[reg_aladin] 	 reg_aladin -ref bucket/BITE_group2_nii/01/output/niftyreg/Case01-US.nii -flo bucket/BITE_group2_nii/01/output/niftyreg/Case01-MRI_in_US.nii -res bucket/BITE_group2_nii/01/output/niftyreg/Case01-MRI_to_US_result.nii -rmask bucket/BITE_group2_nii/01/output/niftyreg/mask_US.nii -fmask bucket/BITE_group2_nii/01/output/niftyreg/mask_US.nii -aff bucket/BITE_group2_nii/01/output/niftyreg/affine_matrix.txt -rigOnly
[reg_aladin] 
[reg_aladin] OpenMP is used with 8 thread(s)
[reg_aladin_sym] Parameters
[reg_aladin_sym] Platform: cpu_platform
[reg_aladin_sym] Reference image name: bucket/BITE_group2_nii/01/output/niftyreg/Case01-US.nii
[reg_aladin_sym] 	194x220x223 voxels
[reg_aladin_sym] 	0.499485x0.499091x0.499103 mm
[reg_aladin_sym] Floating image name: bucket/BITE_group2_nii/01/output/niftyreg/Case01-MRI_in_US.nii
[reg_aladin_sym] 	194x220x223 voxels
[reg_aladin_sym] 	0.499485x0.499091x0.499103 mm
[reg_aladin_sym] Maximum iteration number: 5
[reg_aladin_sym] 	(10 during the first level)
[reg_aladin_sym] Percentage of blocks: 50 %
[reg_aladin_sym] * * * * * * * * * * * * * * * * * * * * * * * * * * * * * *
[reg_aladin_sym] Current level 1 / 3
[reg_aladin_sym] reference image size: 	49x55x56 voxels	1.99794x1.99636x1.99641 mm
[reg_aladin_sym] floating image size: 	49x55x56 voxels	1.99794x1.99636x1.99641 mm
[reg_aladin_sym] Block size = [4 4 4]
[reg_aladin_sym] * * * * * * * * * * * * * * * * * * * * * * * * * * * * * *
[reg_aladin_sym] Forward Block number = [13 14 14]
[reg_aladin_sym] Backward Block number = [13 14 14]
[reg_aladin_sym] Initial forward transformation matrix::
1	0	0	0
0	1	0	0
0	0	1	0
0	0	0	1
[reg_aladin_sym] Initial backward transformation matrix::
1	0	0	0
0	1	0	0
0	0	1	0
0	0	0	1
[reg_aladin_sym] * * * * * * * * * * * * * * * * * * * * * * * * * * * * * *
[reg_aladin_sym] Final forward transformation matrix::
0.9989666	-0.04364975	-0.0126583	1.843921
0.04330678	0.998718	-0.02620783	3.432894
0.01378603	0.02563257	0.9995764	1.54679
0	0	0	1
[reg_aladin_sym] Final backward transformation matrix::
0.9989668	0.04330679	0.01378604	-2.012007
-0.04364974	0.998718	0.02563256	-3.387655
-0.0126583	-0.02620785	0.9995764	-1.432825
0	0	0	1
[reg_aladin_sym] - - - - - - - - - - - - - - - - - - - - - - - - - - - - - -
[reg_aladin_sym] Current level 2 / 3
[reg_aladin_sym] reference image size: 	97x110x112 voxels	0.998969x0.998182x0.998206 mm
[reg_aladin_sym] floating image size: 	97x110x112 voxels	0.998969x0.998182x0.998206 mm
[reg_aladin_sym] Block size = [4 4 4]
[reg_aladin_sym] * * * * * * * * * * * * * * * * * * * * * * * * * * * * * *
[reg_aladin_sym] Forward Block number = [25 28 28]
[reg_aladin_sym] Backward Block number = [25 28 28]
[reg_aladin_sym] Initial forward transformation matrix::
0.9989666	-0.04364975	-0.0126583	1.843921
0.04330678	0.998718	-0.02620783	3.432894
0.01378603	0.02563257	0.9995764	1.54679
0	0	0	1
[reg_aladin_sym] Initial backward transformation matrix::
0.9989668	0.04330679	0.01378604	-2.012007
-0.04364974	0.998718	0.02563256	-3.387655
-0.0126583	-0.02620785	0.9995764	-1.432825
0	0	0	1
[reg_aladin_sym] * * * * * * * * * * * * * * * * * * * * * * * * * * * * * *
[reg_aladin_sym] Final forward transformation matrix::
0.9989019	-0.03831956	-0.02695355	0.8111305
0.03806158	0.9992251	-0.01002016	1.783314
0.02731662	0.008983279	0.9995864	0.6830456
0	0	0	1
[reg_aladin_sym] Final backward transformation matrix::
0.998902	0.03806159	0.02731663	-0.8967741
-0.03831956	0.9992251	0.008983259	-1.756986
-0.02695353	-0.01002018	0.9995865	-0.6430312
0	0	0	1
[reg_aladin_sym] - - - - - - - - - - - - - - - - - - - - - - - - - - - - - -
[reg_aladin_sym] Current level 3 / 3
[reg_aladin_sym] reference image size: 	194x220x223 voxels	0.499485x0.499091x0.499103 mm
[reg_aladin_sym] floating image size: 	194x220x223 voxels	0.499485x0.499091x0.499103 mm
[reg_aladin_sym] Block size = [4 4 4]
[reg_aladin_sym] * * * * * * * * * * * * * * * * * * * * * * * * * * * * * *
[reg_aladin_sym] Forward Block number = [49 55 56]
[reg_aladin_sym] Backward Block number = [49 55 56]
[reg_aladin_sym] Initial forward transformation matrix::
0.9989019	-0.03831956	-0.02695355	0.8111305
0.03806158	0.9992251	-0.01002016	1.783314
0.02731662	0.008983279	0.9995864	0.6830456
0	0	0	1
[reg_aladin_sym] Initial backward transformation matrix::
0.998902	0.03806159	0.02731663	-0.8967741
-0.03831956	0.9992251	0.008983259	-1.756986
-0.02695353	-0.01002018	0.9995865	-0.6430312
0	0	0	1
[reg_aladin_sym] * * * * * * * * * * * * * * * * * * * * * * * * * * * * * *
[reg_aladin_sym] Final forward transformation matrix::
0.9992058	-0.03057599	-0.02555008	0.5721249
0.03021177	0.999438	-0.01452301	1.308094
0.02597981	0.01373953	0.999568	0.30004
0	0	0	1
[reg_aladin_sym] Final backward transformation matrix::
0.9992058	0.03021174	0.02597978	-0.6189853
-0.03057602	0.999438	0.01373956	-1.293988
-0.02555012	-0.01452298	0.999568	-0.2662951
0	0	0	1
[reg_aladin_sym] - - - - - - - - - - - - - - - - - - - - - - - - - - - - - -
[reg_aladin] Registration performed in 0 min 51 sec
[reg_aladin] Have a good day !

* * * * * * * * * * * * * * * * * * * * * * * * * * * * * * * * * * * * * * * *
Command line:
 reg_resample -ref bucket/BITE_group2_nii/01/output/niftyreg/Case01-US.nii -flo bucket/BITE_group2_nii/01/output/niftyreg/Case01-MRI-landmarks.nii -res bucket/BITE_group2_nii/01/output/niftyreg/Case01-deformed_seg.nii -trans bucket/BITE_group2_nii/01/output/niftyreg/affine_matrix.txt -inter 0
Parameters
Reference image name: bucket/BITE_group2_nii/01/output/niftyreg/Case01-US.nii
	194x220x223 voxels, 1 volumes
	0.499485x0.499091x0.499103 mm
Floating image name: bucket/BITE_group2_nii/01/output/niftyreg/Case01-MRI-landmarks.nii
	194x220x223 voxels, 1 volumes
	0.499485x0.499091x0.499103 mm
* * * * * * * * * * * * * * * * * * * * * * * * * * * * * * * * * * * * * * * *

[NiftyReg] Resampled image has been saved: bucket/BITE_group2_nii/01/output/niftyreg/Case01-deformed_seg.nii
Unique image data: [ 0.  1.  2.  3.  4.  5.  6.  7.  8.  9. 10. 11. 12. 13. 14. 15. 17. 18.
 19. 20. 21. 22. 23. 24. 25. 26. 27. 28. 29. 30. 31. 32. 33. 34. 35. 36.]
img2 shape: (194, 220, 223)
Unique image data 2: [ 0.  1.  2.  3.  4.  5.  6.  7.  8.  9. 10. 11. 12. 13. 14. 15. 16. 17.
 18. 19. 20. 21. 22. 23. 24. 25. 26. 27. 28. 29. 30. 31. 32. 33. 34. 35.
 36.]
('landmark error (vox)', 9.478645984466258)
[reg_aladin] 
[reg_aladin] Command line:
[reg_aladin] 	 reg_aladin -ref bucket/BITE_group2_nii/02/output/niftyreg/Case02-US.nii -flo bucket/BITE_group2_nii/02/output/niftyreg/Case02-MRI_in_US.nii -res bucket/BITE_group2_nii/02/output/niftyreg/Case02-MRI_to_US_result.nii -rmask bucket/BITE_group2_nii/02/output/niftyreg/mask_US.nii -fmask bucket/BITE_group2_nii/02/output/niftyreg/mask_US.nii -aff bucket/BITE_group2_nii/02/output/niftyreg/affine_matrix.txt -rigOnly
[reg_aladin] 
[reg_aladin] OpenMP is used with 8 thread(s)
[reg_aladin_sym] Parameters
[reg_aladin_sym] Platform: cpu_platform
[reg_aladin_sym] Reference image name: bucket/BITE_group2_nii/02/output/niftyreg/Case02-US.nii
[reg_aladin_sym] 	198x212x175 voxels
[reg_aladin_sym] 	0.498485x0.499528x0.498857 mm
[reg_aladin_sym] Floating image name: bucket/BITE_group2_nii/02/output/niftyreg/Case02-MRI_in_US.nii
[reg_aladin_sym] 	198x212x175 voxels
[reg_aladin_sym] 	0.498485x0.499528x0.498857 mm
[reg_aladin_sym] Maximum iteration number: 5
[reg_aladin_sym] 	(10 during the first level)
[reg_aladin_sym] Percentage of blocks: 50 %
[reg_aladin_sym] * * * * * * * * * * * * * * * * * * * * * * * * * * * * * *
[reg_aladin_sym] Current level 1 / 3
[reg_aladin_sym] reference image size: 	50x53x44 voxels	1.99394x1.99811x1.99543 mm
[reg_aladin_sym] floating image size: 	50x53x44 voxels	1.99394x1.99811x1.99543 mm
[reg_aladin_sym] Block size = [4 4 4]
[reg_aladin_sym] * * * * * * * * * * * * * * * * * * * * * * * * * * * * * *
[reg_aladin_sym] Forward Block number = [13 14 11]
[reg_aladin_sym] Backward Block number = [13 14 11]
[reg_aladin_sym] Initial forward transformation matrix::
1	0	0	0
0	1	0	0
0	0	1	0
0	0	0	1
[reg_aladin_sym] Initial backward transformation matrix::
1	0	0	0
0	1	0	0
0	0	1	0
0	0	0	1
[reg_aladin_sym] * * * * * * * * * * * * * * * * * * * * * * * * * * * * * *
[reg_aladin_sym] Final forward transformation matrix::
0.9985778	0.0002191068	-0.05331315	4.459438
0.002357666	0.9988317	0.04826504	3.135028
0.05326143	-0.04832208	0.9974107	-3.36542
0	0	0	1
[reg_aladin_sym] Final backward transformation matrix::
0.9985778	0.002357663	0.05326144	-4.28124
0.0002191043	0.9988318	-0.0483221	-3.294967
-0.05331314	0.04826503	0.9974108	3.443141
0	0	0	1
[reg_aladin_sym] - - - - - - - - - - - - - - - - - - - - - - - - - - - - - -
[reg_aladin_sym] Current level 2 / 3
[reg_aladin_sym] reference image size: 	99x106x88 voxels	0.99697x0.999057x0.997714 mm
[reg_aladin_sym] floating image size: 	99x106x88 voxels	0.99697x0.999057x0.997714 mm
[reg_aladin_sym] Block size = [4 4 4]
[reg_aladin_sym] * * * * * * * * * * * * * * * * * * * * * * * * * * * * * *
[reg_aladin_sym] Forward Block number = [25 27 22]
[reg_aladin_sym] Backward Block number = [25 27 22]
[reg_aladin_sym] Initial forward transformation matrix::
0.9985778	0.0002191068	-0.05331315	4.459438
0.002357666	0.9988317	0.04826504	3.135028
0.05326143	-0.04832208	0.9974107	-3.36542
0	0	0	1
[reg_aladin_sym] Initial backward transformation matrix::
0.9985778	0.002357663	0.05326144	-4.28124
0.0002191043	0.9988318	-0.0483221	-3.294967
-0.05331314	0.04826503	0.9974108	3.443141
0	0	0	1
[reg_aladin_sym] * * * * * * * * * * * * * * * * * * * * * * * * * * * * * *
[reg_aladin_sym] Final forward transformation matrix::
0.99992	-0.003011811	-0.01228764	2.409578
0.003586675	0.9988868	0.04703407	2.949181
0.01213233	-0.04707437	0.9988177	-3.704731
0	0	0	1
[reg_aladin_sym] Final backward transformation matrix::
0.99992	0.003586683	0.0121323	-2.375015
-0.003011801	0.9988869	-0.04707437	-3.113039
-0.01228767	0.04703407	0.9988177	3.591248
0	0	0	1
[reg_aladin_sym] - - - - - - - - - - - - - - - - - - - - - - - - - - - - - -
[reg_aladin_sym] Current level 3 / 3
[reg_aladin_sym] reference image size: 	198x212x175 voxels	0.498485x0.499528x0.498857 mm
[reg_aladin_sym] floating image size: 	198x212x175 voxels	0.498485x0.499528x0.498857 mm
[reg_aladin_sym] Block size = [4 4 4]
[reg_aladin_sym] * * * * * * * * * * * * * * * * * * * * * * * * * * * * * *
[reg_aladin_sym] Forward Block number = [50 53 44]
[reg_aladin_sym] Backward Block number = [50 53 44]
[reg_aladin_sym] Initial forward transformation matrix::
0.99992	-0.003011811	-0.01228764	2.409578
0.003586675	0.9988868	0.04703407	2.949181
0.01213233	-0.04707437	0.9988177	-3.704731
0	0	0	1
[reg_aladin_sym] Initial backward transformation matrix::
0.99992	0.003586683	0.0121323	-2.375015
-0.003011801	0.9988869	-0.04707437	-3.113039
-0.01228767	0.04703407	0.9988177	3.591248
0	0	0	1
[reg_aladin_sym] * * * * * * * * * * * * * * * * * * * * * * * * * * * * * *
[reg_aladin_sym] Final forward transformation matrix::
0.9999375	-0.003677493	-0.01055587	2.148133
0.004201048	0.9987397	0.05001345	2.571898
0.01035865	-0.05005468	0.9986928	-3.437482
0	0	0	1
[reg_aladin_sym] Final backward transformation matrix::
0.9999375	0.004201056	0.01035864	-2.123196
-0.003677484	0.9987398	-0.05005467	-2.73282
-0.01055588	0.05001346	0.9986928	3.327035
0	0	0	1
[reg_aladin_sym] - - - - - - - - - - - - - - - - - - - - - - - - - - - - - -
[reg_aladin] Registration performed in 0 min 43 sec
[reg_aladin] Have a good day !

* * * * * * * * * * * * * * * * * * * * * * * * * * * * * * * * * * * * * * * *
Command line:
 reg_resample -ref bucket/BITE_group2_nii/02/output/niftyreg/Case02-US.nii -flo bucket/BITE_group2_nii/02/output/niftyreg/Case02-MRI-landmarks.nii -res bucket/BITE_group2_nii/02/output/niftyreg/Case02-deformed_seg.nii -trans bucket/BITE_group2_nii/02/output/niftyreg/affine_matrix.txt -inter 0
Parameters
Reference image name: bucket/BITE_group2_nii/02/output/niftyreg/Case02-US.nii
	198x212x175 voxels, 1 volumes
	0.498485x0.499528x0.498857 mm
Floating image name: bucket/BITE_group2_nii/02/output/niftyreg/Case02-MRI-landmarks.nii
	198x212x175 voxels, 1 volumes
	0.498485x0.499528x0.498857 mm
* * * * * * * * * * * * * * * * * * * * * * * * * * * * * * * * * * * * * * * *

[NiftyReg] Resampled image has been saved: bucket/BITE_group2_nii/02/output/niftyreg/Case02-deformed_seg.nii
Unique image data: [ 0.  1.  2.  3.  4.  5.  6.  7.  8.  9. 10. 11. 12. 13. 14. 15. 16. 17.
 18. 19. 20. 21. 22. 23. 24. 25. 26. 27. 28. 29. 30. 31. 32. 33. 34.]
img2 shape: (198, 212, 175)
Unique image data 2: [ 0.  1.  2.  3.  4.  5.  6.  7.  8.  9. 10. 11. 12. 13. 14. 15. 16. 17.
 18. 19. 20. 21. 22. 23. 24. 25. 26. 27. 28. 29. 30. 31. 32. 33. 34.]
('landmark error (vox)', 3.2679721358271427)
[reg_aladin] 
[reg_aladin] Command line:
[reg_aladin] 	 reg_aladin -ref bucket/BITE_group2_nii/03/output/niftyreg/Case03-US.nii -flo bucket/BITE_group2_nii/03/output/niftyreg/Case03-MRI_in_US.nii -res bucket/BITE_group2_nii/03/output/niftyreg/Case03-MRI_to_US_result.nii -rmask bucket/BITE_group2_nii/03/output/niftyreg/mask_US.nii -fmask bucket/BITE_group2_nii/03/output/niftyreg/mask_US.nii -aff bucket/BITE_group2_nii/03/output/niftyreg/affine_matrix.txt -rigOnly
[reg_aladin] 
[reg_aladin] OpenMP is used with 8 thread(s)
[reg_aladin_sym] Parameters
[reg_aladin_sym] Platform: cpu_platform
[reg_aladin_sym] Reference image name: bucket/BITE_group2_nii/03/output/niftyreg/Case03-US.nii
[reg_aladin_sym] 	196x303x277 voxels
[reg_aladin_sym] 	0.49898x0.49901x0.499278 mm
[reg_aladin_sym] Floating image name: bucket/BITE_group2_nii/03/output/niftyreg/Case03-MRI_in_US.nii
[reg_aladin_sym] 	196x303x277 voxels
[reg_aladin_sym] 	0.49898x0.49901x0.499278 mm
[reg_aladin_sym] Maximum iteration number: 5
[reg_aladin_sym] 	(10 during the first level)
[reg_aladin_sym] Percentage of blocks: 50 %
[reg_aladin_sym] * * * * * * * * * * * * * * * * * * * * * * * * * * * * * *
[reg_aladin_sym] Current level 1 / 3
[reg_aladin_sym] reference image size: 	49x76x70 voxels	1.99592x1.99604x1.99711 mm
[reg_aladin_sym] floating image size: 	49x76x70 voxels	1.99592x1.99604x1.99711 mm
[reg_aladin_sym] Block size = [4 4 4]
[reg_aladin_sym] * * * * * * * * * * * * * * * * * * * * * * * * * * * * * *
[reg_aladin_sym] Forward Block number = [13 19 18]
[reg_aladin_sym] Backward Block number = [13 19 18]
[reg_aladin_sym] Initial forward transformation matrix::
1	0	0	0
0	1	0	0
0	0	1	0
0	0	0	1
[reg_aladin_sym] Initial backward transformation matrix::
1	0	0	0
0	1	0	0
0	0	1	0
0	0	0	1
[reg_aladin_sym] * * * * * * * * * * * * * * * * * * * * * * * * * * * * * *
[reg_aladin_sym] Final forward transformation matrix::
0.9992695	-0.01403952	0.03554342	2.662382
0.01187065	0.9980968	0.0605123	6.129331
-0.03632535	-0.06004617	0.9975344	-3.969903
0	0	0	1
[reg_aladin_sym] Final backward transformation matrix::
0.9992695	0.01187066	-0.03632534	-2.877404
-0.01403952	0.9980969	-0.06004618	-6.318666
0.03554342	0.0605123	0.9975345	3.494585
0	0	0	1
[reg_aladin_sym] - - - - - - - - - - - - - - - - - - - - - - - - - - - - - -
[reg_aladin_sym] Current level 2 / 3
[reg_aladin_sym] reference image size: 	98x152x139 voxels	0.997959x0.99802x0.998556 mm
[reg_aladin_sym] floating image size: 	98x152x139 voxels	0.997959x0.99802x0.998556 mm
[reg_aladin_sym] Block size = [4 4 4]
[reg_aladin_sym] * * * * * * * * * * * * * * * * * * * * * * * * * * * * * *
[reg_aladin_sym] Forward Block number = [25 38 35]
[reg_aladin_sym] Backward Block number = [25 38 35]
[reg_aladin_sym] Initial forward transformation matrix::
0.9992695	-0.01403952	0.03554342	2.662382
0.01187065	0.9980968	0.0605123	6.129331
-0.03632535	-0.06004617	0.9975344	-3.969903
0	0	0	1
[reg_aladin_sym] Initial backward transformation matrix::
0.9992695	0.01187066	-0.03632534	-2.877404
-0.01403952	0.9980969	-0.06004618	-6.318666
0.03554342	0.0605123	0.9975345	3.494585
0	0	0	1
[reg_aladin_sym] * * * * * * * * * * * * * * * * * * * * * * * * * * * * * *
[reg_aladin_sym] Final forward transformation matrix::
0.9991449	-0.01932981	0.03655051	3.434859
0.01783618	0.9990098	0.04075844	6.608236
-0.03730217	-0.04007166	0.9985003	-3.895742
0	0	0	1
[reg_aladin_sym] Final backward transformation matrix::
0.9991448	0.01783618	-0.03730217	-3.695106
-0.01932981	0.9990098	-0.04007167	-6.691406
0.03655051	0.04075844	0.9985003	3.495012
0	0	0	1
[reg_aladin_sym] - - - - - - - - - - - - - - - - - - - - - - - - - - - - - -
[reg_aladin_sym] Current level 3 / 3
[reg_aladin_sym] reference image size: 	196x303x277 voxels	0.49898x0.49901x0.499278 mm
[reg_aladin_sym] floating image size: 	196x303x277 voxels	0.49898x0.49901x0.499278 mm
[reg_aladin_sym] Block size = [4 4 4]
[reg_aladin_sym] * * * * * * * * * * * * * * * * * * * * * * * * * * * * * *
[reg_aladin_sym] Forward Block number = [49 76 70]
[reg_aladin_sym] Backward Block number = [49 76 70]
[reg_aladin_sym] Initial forward transformation matrix::
0.9991449	-0.01932981	0.03655051	3.434859
0.01783618	0.9990098	0.04075844	6.608236
-0.03730217	-0.04007166	0.9985003	-3.895742
0	0	0	1
[reg_aladin_sym] Initial backward transformation matrix::
0.9991448	0.01783618	-0.03730217	-3.695106
-0.01932981	0.9990098	-0.04007167	-6.691406
0.03655051	0.04075844	0.9985003	3.495012
0	0	0	1
[reg_aladin_sym] * * * * * * * * * * * * * * * * * * * * * * * * * * * * * *
[reg_aladin_sym] Final forward transformation matrix::
0.9994946	-0.01410581	0.02848841	3.396744
0.01327162	0.9994837	0.02926047	6.219869
-0.02888645	-0.0288676	0.9991658	-3.096788
0	0	0	1
[reg_aladin_sym] Final backward transformation matrix::
0.9994946	0.01327164	-0.02888644	-3.56703
-0.01410578	0.9994837	-0.02886759	-6.258141
0.02848841	0.02926048	0.9991658	2.815441
0	0	0	1
[reg_aladin_sym] - - - - - - - - - - - - - - - - - - - - - - - - - - - - - -
[reg_aladin] Registration performed in 1 min 18 sec
[reg_aladin] Have a good day !

* * * * * * * * * * * * * * * * * * * * * * * * * * * * * * * * * * * * * * * *
Command line:
 reg_resample -ref bucket/BITE_group2_nii/03/output/niftyreg/Case03-US.nii -flo bucket/BITE_group2_nii/03/output/niftyreg/Case03-MRI-landmarks.nii -res bucket/BITE_group2_nii/03/output/niftyreg/Case03-deformed_seg.nii -trans bucket/BITE_group2_nii/03/output/niftyreg/affine_matrix.txt -inter 0
Parameters
Reference image name: bucket/BITE_group2_nii/03/output/niftyreg/Case03-US.nii
	196x303x277 voxels, 1 volumes
	0.49898x0.49901x0.499278 mm
Floating image name: bucket/BITE_group2_nii/03/output/niftyreg/Case03-MRI-landmarks.nii
	196x303x277 voxels, 1 volumes
	0.49898x0.49901x0.499278 mm
* * * * * * * * * * * * * * * * * * * * * * * * * * * * * * * * * * * * * * * *

[NiftyReg] Resampled image has been saved: bucket/BITE_group2_nii/03/output/niftyreg/Case03-deformed_seg.nii
Unique image data: [ 0.  1.  2.  3.  4.  5.  6.  7.  8.  9. 10. 11. 12. 13. 14. 15. 16. 17.
 18. 19. 20. 21. 22. 23. 24. 25. 26. 27. 28. 29. 30. 31. 32. 33. 34. 35.
 36. 37. 38. 39.]
img2 shape: (196, 303, 277)
Unique image data 2: [ 0.  1.  2.  3.  4.  5.  6.  7.  8.  9. 10. 11. 12. 13. 14. 15. 16. 17.
 18. 19. 20. 21. 22. 23. 24. 25. 26. 27. 28. 29. 30. 31. 33. 34. 35. 36.
 37. 38. 39.]
('landmark error (vox)', nan)
[reg_aladin] 
[reg_aladin] Command line:
[reg_aladin] 	 reg_aladin -ref bucket/BITE_group2_nii/04/output/niftyreg/Case04-US.nii -flo bucket/BITE_group2_nii/04/output/niftyreg/Case04-MRI_in_US.nii -res bucket/BITE_group2_nii/04/output/niftyreg/Case04-MRI_to_US_result.nii -rmask bucket/BITE_group2_nii/04/output/niftyreg/mask_US.nii -fmask bucket/BITE_group2_nii/04/output/niftyreg/mask_US.nii -aff bucket/BITE_group2_nii/04/output/niftyreg/affine_matrix.txt -rigOnly
[reg_aladin] 
[reg_aladin] OpenMP is used with 8 thread(s)
[reg_aladin_sym] Parameters
[reg_aladin_sym] Platform: cpu_platform
[reg_aladin_sym] Reference image name: bucket/BITE_group2_nii/04/output/niftyreg/Case04-US.nii
[reg_aladin_sym] 	200x107x180 voxels
[reg_aladin_sym] 	0.498x0.496262x0.498333 mm
[reg_aladin_sym] Floating image name: bucket/BITE_group2_nii/04/output/niftyreg/Case04-MRI_in_US.nii
[reg_aladin_sym] 	200x107x180 voxels
[reg_aladin_sym] 	0.498x0.496262x0.498333 mm
[reg_aladin_sym] Maximum iteration number: 5
[reg_aladin_sym] 	(10 during the first level)
[reg_aladin_sym] Percentage of blocks: 50 %
[reg_aladin_sym] * * * * * * * * * * * * * * * * * * * * * * * * * * * * * *
[reg_aladin_sym] Current level 1 / 3
[reg_aladin_sym] reference image size: 	50x54x45 voxels	1.992x0.992523x1.99333 mm
[reg_aladin_sym] floating image size: 	50x54x45 voxels	1.992x0.992523x1.99333 mm
[reg_aladin_sym] Block size = [4 4 4]
[reg_aladin_sym] * * * * * * * * * * * * * * * * * * * * * * * * * * * * * *
[reg_aladin_sym] Forward Block number = [13 14 12]
[reg_aladin_sym] Backward Block number = [13 14 12]
[reg_aladin_sym] Initial forward transformation matrix::
1	0	0	0
0	1	0	0
0	0	1	0
0	0	0	1
[reg_aladin_sym] Initial backward transformation matrix::
1	0	0	0
0	1	0	0
0	0	1	0
0	0	0	1
[reg_aladin_sym] * * * * * * * * * * * * * * * * * * * * * * * * * * * * * *
[reg_aladin_sym] Final forward transformation matrix::
0.9994124	0.02135145	-0.02681214	2.741202
-0.02150565	0.9997538	-0.005476033	0.1880121
0.02668865	0.006049437	0.9996254	4.909045
0	0	0	1
[reg_aladin_sym] Final backward transformation matrix::
0.9994125	-0.02150566	0.02668861	-2.866564
0.02135144	0.9997537	0.006049428	-0.2761914
-0.02681218	-0.005476041	0.9996255	-4.832679
0	0	0	1
[reg_aladin_sym] - - - - - - - - - - - - - - - - - - - - - - - - - - - - - -
[reg_aladin_sym] Current level 2 / 3
[reg_aladin_sym] reference image size: 	100x54x90 voxels	0.996x0.992523x0.996667 mm
[reg_aladin_sym] floating image size: 	100x54x90 voxels	0.996x0.992523x0.996667 mm
[reg_aladin_sym] Block size = [4 4 4]
[reg_aladin_sym] * * * * * * * * * * * * * * * * * * * * * * * * * * * * * *
[reg_aladin_sym] Forward Block number = [25 14 23]
[reg_aladin_sym] Backward Block number = [25 14 23]
[reg_aladin_sym] Initial forward transformation matrix::
0.9994124	0.02135145	-0.02681214	2.741202
-0.02150565	0.9997538	-0.005476033	0.1880121
0.02668865	0.006049437	0.9996254	4.909045
0	0	0	1
[reg_aladin_sym] Initial backward transformation matrix::
0.9994125	-0.02150566	0.02668861	-2.866564
0.02135144	0.9997537	0.006049428	-0.2761914
-0.02681218	-0.005476041	0.9996255	-4.832679
0	0	0	1
[reg_aladin_sym] * * * * * * * * * * * * * * * * * * * * * * * * * * * * * *
[reg_aladin_sym] Final forward transformation matrix::
0.9993114	0.01546837	-0.03372629	2.309897
-0.0153484	0.9998749	0.003813409	0.04396104
0.03378107	-0.003293144	0.9994238	3.304004
0	0	0	1
[reg_aladin_sym] Final backward transformation matrix::
0.9993114	-0.01534839	0.03378106	-2.419245
0.01546837	0.9998749	-0.003293139	-0.06880536
-0.0337263	0.003813414	0.9994238	-3.224364
0	0	0	1
[reg_aladin_sym] - - - - - - - - - - - - - - - - - - - - - - - - - - - - - -
[reg_aladin_sym] Current level 3 / 3
[reg_aladin_sym] reference image size: 	200x107x180 voxels	0.498x0.496262x0.498333 mm
[reg_aladin_sym] floating image size: 	200x107x180 voxels	0.498x0.496262x0.498333 mm
[reg_aladin_sym] Block size = [4 4 4]
[reg_aladin_sym] * * * * * * * * * * * * * * * * * * * * * * * * * * * * * *
[reg_aladin_sym] Forward Block number = [50 27 45]
[reg_aladin_sym] Backward Block number = [50 27 45]
[reg_aladin_sym] Initial forward transformation matrix::
0.9993114	0.01546837	-0.03372629	2.309897
-0.0153484	0.9998749	0.003813409	0.04396104
0.03378107	-0.003293144	0.9994238	3.304004
0	0	0	1
[reg_aladin_sym] Initial backward transformation matrix::
0.9993114	-0.01534839	0.03378106	-2.419245
0.01546837	0.9998749	-0.003293139	-0.06880536
-0.0337263	0.003813414	0.9994238	-3.224364
0	0	0	1
[reg_aladin_sym] * * * * * * * * * * * * * * * * * * * * * * * * * * * * * *
[reg_aladin_sym] Final forward transformation matrix::
0.999442	0.02152988	-0.02553867	1.891845
-0.0217161	0.9997394	-0.007036735	0.436604
0.02538051	0.007587407	0.999649	3.300036
0	0	0	1
[reg_aladin_sym] Final backward transformation matrix::
0.9994419	-0.0217161	0.02538051	-1.965064
0.02152988	0.9997394	0.007587409	-0.5022601
-0.02553866	-0.007036734	0.999649	-3.247491
0	0	0	1
[reg_aladin_sym] - - - - - - - - - - - - - - - - - - - - - - - - - - - - - -
[reg_aladin] Registration performed in 0 min 22 sec
[reg_aladin] Have a good day !

* * * * * * * * * * * * * * * * * * * * * * * * * * * * * * * * * * * * * * * *
Command line:
 reg_resample -ref bucket/BITE_group2_nii/04/output/niftyreg/Case04-US.nii -flo bucket/BITE_group2_nii/04/output/niftyreg/Case04-MRI-landmarks.nii -res bucket/BITE_group2_nii/04/output/niftyreg/Case04-deformed_seg.nii -trans bucket/BITE_group2_nii/04/output/niftyreg/affine_matrix.txt -inter 0
Parameters
Reference image name: bucket/BITE_group2_nii/04/output/niftyreg/Case04-US.nii
	200x107x180 voxels, 1 volumes
	0.498x0.496262x0.498333 mm
Floating image name: bucket/BITE_group2_nii/04/output/niftyreg/Case04-MRI-landmarks.nii
	200x107x180 voxels, 1 volumes
	0.498x0.496262x0.498333 mm
* * * * * * * * * * * * * * * * * * * * * * * * * * * * * * * * * * * * * * * *

[NiftyReg] Resampled image has been saved: bucket/BITE_group2_nii/04/output/niftyreg/Case04-deformed_seg.nii
Unique image data: [ 0.  1.  2.  3.  4.  5.  6.  7.  8.  9. 10. 11. 12. 13. 14. 15. 16. 17.
 18. 19. 20. 21. 22. 23. 24. 25. 26. 27. 28. 29. 30. 31.]
img2 shape: (200, 107, 180)
Unique image data 2: [ 0.  1.  2.  3.  4.  5.  6.  7.  8.  9. 10. 11. 12. 13. 14. 15. 16. 17.
 18. 19. 20. 21. 22. 23. 24. 25. 26. 27. 28. 29. 30. 31.]
('landmark error (vox)', 4.188769464658082)
[reg_aladin] 
[reg_aladin] Command line:
[reg_aladin] 	 reg_aladin -ref bucket/BITE_group2_nii/05/output/niftyreg/Case05-US.nii -flo bucket/BITE_group2_nii/05/output/niftyreg/Case05-MRI_in_US.nii -res bucket/BITE_group2_nii/05/output/niftyreg/Case05-MRI_to_US_result.nii -rmask bucket/BITE_group2_nii/05/output/niftyreg/mask_US.nii -fmask bucket/BITE_group2_nii/05/output/niftyreg/mask_US.nii -aff bucket/BITE_group2_nii/05/output/niftyreg/affine_matrix.txt -rigOnly
[reg_aladin] 
[reg_aladin] OpenMP is used with 8 thread(s)
[reg_aladin_sym] Parameters
[reg_aladin_sym] Platform: cpu_platform
[reg_aladin_sym] Reference image name: bucket/BITE_group2_nii/05/output/niftyreg/Case05-US.nii
[reg_aladin_sym] 	201x230x195 voxels
[reg_aladin_sym] 	0.498507x0.498261x0.498462 mm
[reg_aladin_sym] Floating image name: bucket/BITE_group2_nii/05/output/niftyreg/Case05-MRI_in_US.nii
[reg_aladin_sym] 	201x230x195 voxels
[reg_aladin_sym] 	0.498507x0.498261x0.498462 mm
[reg_aladin_sym] Maximum iteration number: 5
[reg_aladin_sym] 	(10 during the first level)
[reg_aladin_sym] Percentage of blocks: 50 %
[reg_aladin_sym] * * * * * * * * * * * * * * * * * * * * * * * * * * * * * *
[reg_aladin_sym] Current level 1 / 3
[reg_aladin_sym] reference image size: 	51x58x49 voxels	1.99403x1.99304x1.99385 mm
[reg_aladin_sym] floating image size: 	51x58x49 voxels	1.99403x1.99304x1.99385 mm
[reg_aladin_sym] Block size = [4 4 4]
[reg_aladin_sym] * * * * * * * * * * * * * * * * * * * * * * * * * * * * * *
[reg_aladin_sym] Forward Block number = [13 15 13]
[reg_aladin_sym] Backward Block number = [13 15 13]
[reg_aladin_sym] Initial forward transformation matrix::
1	0	0	0
0	1	0	0
0	0	1	0
0	0	0	1
[reg_aladin_sym] Initial backward transformation matrix::
1	0	0	0
0	1	0	0
0	0	1	0
0	0	0	1
[reg_aladin_sym] * * * * * * * * * * * * * * * * * * * * * * * * * * * * * *
[reg_aladin_sym] Final forward transformation matrix::
0.999993	-0.003350086	-0.001654994	-1.16084
0.003337819	0.9999674	-0.007358301	-1.111898
0.00167959	0.007352719	0.9999716	-1.114673
0	0	0	1
[reg_aladin_sym] Final backward transformation matrix::
0.999993	0.003337821	0.00167959	1.166415
-0.003350083	0.9999673	0.007352726	1.116169
-0.001654994	-0.007358294	0.9999716	1.104539
0	0	0	1
[reg_aladin_sym] - - - - - - - - - - - - - - - - - - - - - - - - - - - - - -
[reg_aladin_sym] Current level 2 / 3
[reg_aladin_sym] reference image size: 	101x115x98 voxels	0.997015x0.996522x0.996923 mm
[reg_aladin_sym] floating image size: 	101x115x98 voxels	0.997015x0.996522x0.996923 mm
[reg_aladin_sym] Block size = [4 4 4]
[reg_aladin_sym] * * * * * * * * * * * * * * * * * * * * * * * * * * * * * *
[reg_aladin_sym] Forward Block number = [26 29 25]
[reg_aladin_sym] Backward Block number = [26 29 25]
[reg_aladin_sym] Initial forward transformation matrix::
0.999993	-0.003350086	-0.001654994	-1.16084
0.003337819	0.9999674	-0.007358301	-1.111898
0.00167959	0.007352719	0.9999716	-1.114673
0	0	0	1
[reg_aladin_sym] Initial backward transformation matrix::
0.999993	0.003337821	0.00167959	1.166415
-0.003350083	0.9999673	0.007352726	1.116169
-0.001654994	-0.007358294	0.9999716	1.104539
0	0	0	1
[reg_aladin_sym] * * * * * * * * * * * * * * * * * * * * * * * * * * * * * *
[reg_aladin_sym] Final forward transformation matrix::
0.9997777	-0.009366421	-0.0188861	-0.9010307
0.008943781	0.9997104	-0.02234072	-0.5867493
0.01908988	0.02216681	0.999572	-0.9671324
0	0	0	1
[reg_aladin_sym] Final backward transformation matrix::
0.9997777	0.008943768	0.01908988	0.9245406
-0.009366433	0.9997104	0.02216684	0.5995781
-0.01888609	-0.02234069	0.999572	0.9365931
0	0	0	1
[reg_aladin_sym] - - - - - - - - - - - - - - - - - - - - - - - - - - - - - -
[reg_aladin_sym] Current level 3 / 3
[reg_aladin_sym] reference image size: 	201x230x195 voxels	0.498507x0.498261x0.498462 mm
[reg_aladin_sym] floating image size: 	201x230x195 voxels	0.498507x0.498261x0.498462 mm
[reg_aladin_sym] Block size = [4 4 4]
[reg_aladin_sym] * * * * * * * * * * * * * * * * * * * * * * * * * * * * * *
[reg_aladin_sym] Forward Block number = [51 58 49]
[reg_aladin_sym] Backward Block number = [51 58 49]
[reg_aladin_sym] Initial forward transformation matrix::
0.9997777	-0.009366421	-0.0188861	-0.9010307
0.008943781	0.9997104	-0.02234072	-0.5867493
0.01908988	0.02216681	0.999572	-0.9671324
0	0	0	1
[reg_aladin_sym] Initial backward transformation matrix::
0.9997777	0.008943768	0.01908988	0.9245406
-0.009366433	0.9997104	0.02216684	0.5995781
-0.01888609	-0.02234069	0.999572	0.9365931
0	0	0	1
[reg_aladin_sym] * * * * * * * * * * * * * * * * * * * * * * * * * * * * * *
[reg_aladin_sym] Final forward transformation matrix::
0.9996404	-0.01138188	-0.02427972	-0.1490855
0.01109678	0.9998683	-0.01184489	-1.047966
0.02441134	0.01157117	0.999635	-0.7190321
0	0	0	1
[reg_aladin_sym] Final backward transformation matrix::
0.9996404	0.01109678	0.02441134	0.1782135
-0.01138188	0.9998683	0.01157121	1.054451
-0.02427972	-0.01184486	0.999635	0.7027369
0	0	0	1
[reg_aladin_sym] - - - - - - - - - - - - - - - - - - - - - - - - - - - - - -
[reg_aladin] Registration performed in 0 min 41 sec
[reg_aladin] Have a good day !

* * * * * * * * * * * * * * * * * * * * * * * * * * * * * * * * * * * * * * * *
Command line:
 reg_resample -ref bucket/BITE_group2_nii/05/output/niftyreg/Case05-US.nii -flo bucket/BITE_group2_nii/05/output/niftyreg/Case05-MRI-landmarks.nii -res bucket/BITE_group2_nii/05/output/niftyreg/Case05-deformed_seg.nii -trans bucket/BITE_group2_nii/05/output/niftyreg/affine_matrix.txt -inter 0
Parameters
Reference image name: bucket/BITE_group2_nii/05/output/niftyreg/Case05-US.nii
	201x230x195 voxels, 1 volumes
	0.498507x0.498261x0.498462 mm
Floating image name: bucket/BITE_group2_nii/05/output/niftyreg/Case05-MRI-landmarks.nii
	201x230x195 voxels, 1 volumes
	0.498507x0.498261x0.498462 mm
* * * * * * * * * * * * * * * * * * * * * * * * * * * * * * * * * * * * * * * *

[NiftyReg] Resampled image has been saved: bucket/BITE_group2_nii/05/output/niftyreg/Case05-deformed_seg.nii
Unique image data: [ 0.  1.  2.  3.  4.  5.  6.  7.  8.  9. 10. 11. 12. 13. 14. 15. 16. 17.
 18. 19. 20. 21. 22. 23. 24. 25. 26. 27. 28. 29. 30.]
img2 shape: (201, 230, 195)
Unique image data 2: [ 0.  1.  2.  3.  4.  5.  6.  7.  8.  9. 10. 11. 12. 13. 14. 15. 16. 17.
 18. 19. 20. 21. 22. 23. 24. 25. 26. 27. 28. 29. 30.]
('landmark error (vox)', 4.0657493537443115)
[reg_aladin] 
[reg_aladin] Command line:
[reg_aladin] 	 reg_aladin -ref bucket/BITE_group2_nii/06/output/niftyreg/Case06-US.nii -flo bucket/BITE_group2_nii/06/output/niftyreg/Case06-MRI_in_US.nii -res bucket/BITE_group2_nii/06/output/niftyreg/Case06-MRI_to_US_result.nii -rmask bucket/BITE_group2_nii/06/output/niftyreg/mask_US.nii -fmask bucket/BITE_group2_nii/06/output/niftyreg/mask_US.nii -aff bucket/BITE_group2_nii/06/output/niftyreg/affine_matrix.txt -rigOnly
[reg_aladin] 
[reg_aladin] OpenMP is used with 8 thread(s)
[reg_aladin_sym] Parameters
[reg_aladin_sym] Platform: cpu_platform
[reg_aladin_sym] Reference image name: bucket/BITE_group2_nii/06/output/niftyreg/Case06-US.nii
[reg_aladin_sym] 	200x260x168 voxels
[reg_aladin_sym] 	0.4995x0.498462x0.498214 mm
[reg_aladin_sym] Floating image name: bucket/BITE_group2_nii/06/output/niftyreg/Case06-MRI_in_US.nii
[reg_aladin_sym] 	200x260x168 voxels
[reg_aladin_sym] 	0.4995x0.498462x0.498214 mm
[reg_aladin_sym] Maximum iteration number: 5
[reg_aladin_sym] 	(10 during the first level)
[reg_aladin_sym] Percentage of blocks: 50 %
[reg_aladin_sym] * * * * * * * * * * * * * * * * * * * * * * * * * * * * * *
[reg_aladin_sym] Current level 1 / 3
[reg_aladin_sym] reference image size: 	50x65x42 voxels	1.998x1.99385x1.99286 mm
[reg_aladin_sym] floating image size: 	50x65x42 voxels	1.998x1.99385x1.99286 mm
[reg_aladin_sym] Block size = [4 4 4]
[reg_aladin_sym] * * * * * * * * * * * * * * * * * * * * * * * * * * * * * *
[reg_aladin_sym] Forward Block number = [13 17 11]
[reg_aladin_sym] Backward Block number = [13 17 11]
[reg_aladin_sym] Initial forward transformation matrix::
1	0	0	0
0	1	0	0
0	0	1	0
0	0	0	1
[reg_aladin_sym] Initial backward transformation matrix::
1	0	0	0
0	1	0	0
0	0	1	0
0	0	0	1
[reg_aladin_sym] * * * * * * * * * * * * * * * * * * * * * * * * * * * * * *
[reg_aladin_sym] Final forward transformation matrix::
0.9985391	0.04519593	0.02961538	-3.368766
-0.04342791	0.9973806	-0.05784375	1.512414
-0.0321521	0.05647311	0.9978863	-2.305402
0	0	0	1
[reg_aladin_sym] Final backward transformation matrix::
0.998539	-0.04342793	-0.03215211	3.355402
0.04519592	0.9973806	0.05647311	-1.226004
0.02961537	-0.05784375	0.9978863	2.48778
0	0	0	1
[reg_aladin_sym] - - - - - - - - - - - - - - - - - - - - - - - - - - - - - -
[reg_aladin_sym] Current level 2 / 3
[reg_aladin_sym] reference image size: 	100x130x84 voxels	0.999x0.996923x0.996429 mm
[reg_aladin_sym] floating image size: 	100x130x84 voxels	0.999x0.996923x0.996429 mm
[reg_aladin_sym] Block size = [4 4 4]
[reg_aladin_sym] * * * * * * * * * * * * * * * * * * * * * * * * * * * * * *
[reg_aladin_sym] Forward Block number = [25 33 21]
[reg_aladin_sym] Backward Block number = [25 33 21]
[reg_aladin_sym] Initial forward transformation matrix::
0.9985391	0.04519593	0.02961538	-3.368766
-0.04342791	0.9973806	-0.05784375	1.512414
-0.0321521	0.05647311	0.9978863	-2.305402
0	0	0	1
[reg_aladin_sym] Initial backward transformation matrix::
0.998539	-0.04342793	-0.03215211	3.355402
0.04519592	0.9973806	0.05647311	-1.226004
0.02961537	-0.05784375	0.9978863	2.48778
0	0	0	1
[reg_aladin_sym] * * * * * * * * * * * * * * * * * * * * * * * * * * * * * *
[reg_aladin_sym] Final forward transformation matrix::
0.9996864	0.008283494	0.02363268	-2.086422
-0.007524053	0.999458	-0.03204533	0.8764524
-0.02388535	0.03185748	0.999207	-2.060296
0	0	0	1
[reg_aladin_sym] Final backward transformation matrix::
0.9996864	-0.007524048	-0.02388532	2.043151
0.008283501	0.9994581	0.03185746	-0.7930588
0.02363271	-0.03204535	0.999207	2.136057
0	0	0	1
[reg_aladin_sym] - - - - - - - - - - - - - - - - - - - - - - - - - - - - - -
[reg_aladin_sym] Current level 3 / 3
[reg_aladin_sym] reference image size: 	200x260x168 voxels	0.4995x0.498462x0.498214 mm
[reg_aladin_sym] floating image size: 	200x260x168 voxels	0.4995x0.498462x0.498214 mm
[reg_aladin_sym] Block size = [4 4 4]
[reg_aladin_sym] * * * * * * * * * * * * * * * * * * * * * * * * * * * * * *
[reg_aladin_sym] Forward Block number = [50 65 42]
[reg_aladin_sym] Backward Block number = [50 65 42]
[reg_aladin_sym] Initial forward transformation matrix::
0.9996864	0.008283494	0.02363268	-2.086422
-0.007524053	0.999458	-0.03204533	0.8764524
-0.02388535	0.03185748	0.999207	-2.060296
0	0	0	1
[reg_aladin_sym] Initial backward transformation matrix::
0.9996864	-0.007524048	-0.02388532	2.043151
0.008283501	0.9994581	0.03185746	-0.7930588
0.02363271	-0.03204535	0.999207	2.136057
0	0	0	1
[reg_aladin_sym] * * * * * * * * * * * * * * * * * * * * * * * * * * * * * *
[reg_aladin_sym] Final forward transformation matrix::
0.9998813	-0.0006378432	0.01538992	-1.782006
0.001026495	0.9996804	-0.02525982	0.8340428
-0.01536887	0.02527262	0.9995624	-1.861607
0	0	0	1
[reg_aladin_sym] Final backward transformation matrix::
0.9998814	0.001026508	-0.01536889	1.752328
-0.0006378309	0.9996804	0.02527262	-0.7878652
0.0153899	-0.02525982	0.9995624	1.909285
0	0	0	1
[reg_aladin_sym] - - - - - - - - - - - - - - - - - - - - - - - - - - - - - -
[reg_aladin] Registration performed in 0 min 30 sec
[reg_aladin] Have a good day !

* * * * * * * * * * * * * * * * * * * * * * * * * * * * * * * * * * * * * * * *
Command line:
 reg_resample -ref bucket/BITE_group2_nii/06/output/niftyreg/Case06-US.nii -flo bucket/BITE_group2_nii/06/output/niftyreg/Case06-MRI-landmarks.nii -res bucket/BITE_group2_nii/06/output/niftyreg/Case06-deformed_seg.nii -trans bucket/BITE_group2_nii/06/output/niftyreg/affine_matrix.txt -inter 0
Parameters
Reference image name: bucket/BITE_group2_nii/06/output/niftyreg/Case06-US.nii
	200x260x168 voxels, 1 volumes
	0.4995x0.498462x0.498214 mm
Floating image name: bucket/BITE_group2_nii/06/output/niftyreg/Case06-MRI-landmarks.nii
	200x260x168 voxels, 1 volumes
	0.4995x0.498462x0.498214 mm
* * * * * * * * * * * * * * * * * * * * * * * * * * * * * * * * * * * * * * * *

[NiftyReg] Resampled image has been saved: bucket/BITE_group2_nii/06/output/niftyreg/Case06-deformed_seg.nii
Unique image data: [ 0.  1.  2.  3.  4.  5.  6.  7.  8.  9. 10. 11. 12. 13. 14. 15. 16. 17.
 18. 19. 20. 21. 22. 23. 24. 25. 26. 27. 28. 29. 30. 31. 32. 33. 34. 35.
 36.]
img2 shape: (200, 260, 168)
Unique image data 2: [ 0.  1.  2.  3.  4.  5.  6.  7.  8.  9. 10. 11. 12. 13. 14. 15. 16. 17.
 18. 19. 20. 21. 22. 23. 24. 25. 26. 27. 28. 29. 30. 31. 32. 33. 34. 35.
 36.]
('landmark error (vox)', 3.436385251506037)
[reg_aladin] 
[reg_aladin] Command line:
[reg_aladin] 	 reg_aladin -ref bucket/BITE_group2_nii/07/output/niftyreg/Case07-US.nii -flo bucket/BITE_group2_nii/07/output/niftyreg/Case07-MRI_in_US.nii -res bucket/BITE_group2_nii/07/output/niftyreg/Case07-MRI_to_US_result.nii -rmask bucket/BITE_group2_nii/07/output/niftyreg/mask_US.nii -fmask bucket/BITE_group2_nii/07/output/niftyreg/mask_US.nii -aff bucket/BITE_group2_nii/07/output/niftyreg/affine_matrix.txt -rigOnly
[reg_aladin] 
[reg_aladin] OpenMP is used with 8 thread(s)
[reg_aladin_sym] Parameters
[reg_aladin_sym] Platform: cpu_platform
[reg_aladin_sym] Reference image name: bucket/BITE_group2_nii/07/output/niftyreg/Case07-US.nii
[reg_aladin_sym] 	207x317x185 voxels
[reg_aladin_sym] 	0.498551x0.498738x0.497838 mm
[reg_aladin_sym] Floating image name: bucket/BITE_group2_nii/07/output/niftyreg/Case07-MRI_in_US.nii
[reg_aladin_sym] 	207x317x185 voxels
[reg_aladin_sym] 	0.498551x0.498738x0.497838 mm
[reg_aladin_sym] Maximum iteration number: 5
[reg_aladin_sym] 	(10 during the first level)
[reg_aladin_sym] Percentage of blocks: 50 %
[reg_aladin_sym] * * * * * * * * * * * * * * * * * * * * * * * * * * * * * *
[reg_aladin_sym] Current level 1 / 3
[reg_aladin_sym] reference image size: 	52x80x47 voxels	1.9942x1.99495x1.99135 mm
[reg_aladin_sym] floating image size: 	52x80x47 voxels	1.9942x1.99495x1.99135 mm
[reg_aladin_sym] Block size = [4 4 4]
[reg_aladin_sym] * * * * * * * * * * * * * * * * * * * * * * * * * * * * * *
[reg_aladin_sym] Forward Block number = [13 20 12]
[reg_aladin_sym] Backward Block number = [13 20 12]
[reg_aladin_sym] Initial forward transformation matrix::
1	0	0	0
0	1	0	0
0	0	1	0
0	0	0	1
[reg_aladin_sym] Initial backward transformation matrix::
1	0	0	0
0	1	0	0
0	0	1	0
