[reg_aladin] 
[reg_aladin] Command line:
[reg_aladin] 	 reg_aladin -ref bucket/RESECT/RESECT/NIFTI/Case1/output/niftyreg/after/Case1-US.nii -flo bucket/RESECT/RESECT/NIFTI/Case1/output/niftyreg/after/Case1-MRI_in_US.nii -res bucket/RESECT/RESECT/NIFTI/Case1/output/niftyreg/after/Case1-MRI_to_US_result.nii -rmask bucket/RESECT/RESECT/NIFTI/Case1/output/niftyreg/after/mask_US.nii -fmask bucket/RESECT/RESECT/NIFTI/Case1/output/niftyreg/after/mask_US.nii -aff bucket/RESECT/RESECT/NIFTI/Case1/output/niftyreg/after/affine_matrix.txt
[reg_aladin] 
[reg_aladin] OpenMP is used with 8 thread(s)
[reg_aladin_sym] Parameters
[reg_aladin_sym] Platform: cpu_platform
[reg_aladin_sym] Reference image name: bucket/RESECT/RESECT/NIFTI/Case1/output/niftyreg/after/Case1-US.nii
[reg_aladin_sym] 	135x134x128 voxels
[reg_aladin_sym] 	0.49715x0.499275x0.499448 mm
[reg_aladin_sym] Floating image name: bucket/RESECT/RESECT/NIFTI/Case1/output/niftyreg/after/Case1-MRI_in_US.nii
[reg_aladin_sym] 	135x134x128 voxels
[reg_aladin_sym] 	0.49715x0.499275x0.499448 mm
[reg_aladin_sym] Maximum iteration number: 5
[reg_aladin_sym] 	(10 during the first level)
[reg_aladin_sym] Percentage of blocks: 50 %
[reg_aladin_sym] * * * * * * * * * * * * * * * * * * * * * * * * * * * * * *
[reg_aladin_sym] Current level 1 / 3
[reg_aladin_sym] reference image size: 	34x34x32 voxels	1.9886x1.9971x1.99779 mm
[reg_aladin_sym] floating image size: 	34x34x32 voxels	1.9886x1.9971x1.99779 mm
[reg_aladin_sym] Block size = [4 4 4]
[reg_aladin_sym] * * * * * * * * * * * * * * * * * * * * * * * * * * * * * *
[reg_aladin_sym] Forward Block number = [9 9 8]
[reg_aladin_sym] Backward Block number = [9 9 8]
[reg_aladin_sym] Initial forward transformation matrix::
1	0	0	0
0	1	0	0
0	0	1	0
0	0	0	1
[reg_aladin_sym] Initial backward transformation matrix::
1	0	0	0
0	1	0	0
0	0	1	0
0	0	0	1
[reg_aladin_sym] * * * * * * * * * * * * * * * * * * * * * * * * * * * * * *
[reg_aladin_sym] Final forward transformation matrix::
1.144144	0.1033027	0.07039078	0.3394174
-0.4681073	1.188864	-0.08464589	25.32982
-0.2066348	-0.06817059	0.8728869	11.055
0	0	0	1
[reg_aladin_sym] Final backward transformation matrix::
0.8293726	-0.0763253	-0.07428318	2.473003
0.342443	0.8143283	0.05135226	-21.31072
0.2230779	0.04552913	1.13205	-13.74377
0	0	0	1
[reg_aladin_sym] - - - - - - - - - - - - - - - - - - - - - - - - - - - - - -
[reg_aladin_sym] Current level 2 / 3
[reg_aladin_sym] reference image size: 	68x67x64 voxels	0.9943x0.99855x0.998897 mm
[reg_aladin_sym] floating image size: 	68x67x64 voxels	0.9943x0.99855x0.998897 mm
[reg_aladin_sym] Block size = [4 4 4]
[reg_aladin_sym] * * * * * * * * * * * * * * * * * * * * * * * * * * * * * *
[reg_aladin_sym] Forward Block number = [17 17 16]
[reg_aladin_sym] Backward Block number = [17 17 16]
[reg_aladin_sym] Initial forward transformation matrix::
1.144144	0.1033027	0.07039078	0.3394174
-0.4681073	1.188864	-0.08464589	25.32982
-0.2066348	-0.06817059	0.8728869	11.055
0	0	0	1
[reg_aladin_sym] Initial backward transformation matrix::
0.8293726	-0.0763253	-0.07428318	2.473003
0.342443	0.8143283	0.05135226	-21.31072
0.2230779	0.04552913	1.13205	-13.74377
0	0	0	1
[reg_aladin_sym] * * * * * * * * * * * * * * * * * * * * * * * * * * * * * *
[reg_aladin_sym] Final forward transformation matrix::
1.130625	0.1347739	0.1357788	-3.393723
-0.4004835	1.235061	-0.1013727	24.79803
-0.1456372	-0.07415075	1.041832	2.394752
0	0	0	1
[reg_aladin_sym] Final backward transformation matrix::
0.8344576	-0.09816147	-0.1183036	5.549438
0.2818037	0.7812845	0.03929418	-18.51205
0.1367053	0.04188474	0.9461065	-2.84041
0	0	0	1
[reg_aladin_sym] - - - - - - - - - - - - - - - - - - - - - - - - - - - - - -
[reg_aladin_sym] Current level 3 / 3
[reg_aladin_sym] reference image size: 	135x134x128 voxels	0.49715x0.499275x0.499448 mm
[reg_aladin_sym] floating image size: 	135x134x128 voxels	0.49715x0.499275x0.499448 mm
[reg_aladin_sym] Block size = [4 4 4]
[reg_aladin_sym] * * * * * * * * * * * * * * * * * * * * * * * * * * * * * *
[reg_aladin_sym] Forward Block number = [34 34 32]
[reg_aladin_sym] Backward Block number = [34 34 32]
[reg_aladin_sym] Initial forward transformation matrix::
1.130625	0.1347739	0.1357788	-3.393723
-0.4004835	1.235061	-0.1013727	24.79803
-0.1456372	-0.07415075	1.041832	2.394752
0	0	0	1
[reg_aladin_sym] Initial backward transformation matrix::
0.8344576	-0.09816147	-0.1183036	5.549438
0.2818037	0.7812845	0.03929418	-18.51205
0.1367053	0.04188474	0.9461065	-2.84041
0	0	0	1
[reg_aladin_sym] * * * * * * * * * * * * * * * * * * * * * * * * * * * * * *
[reg_aladin_sym] Final forward transformation matrix::
1.127577	0.180005	0.1142327	-1.445325
-0.3761064	1.186288	-0.07958999	21.41854
-0.1461844	-0.0187625	1.092833	2.093084
0	0	0	1
[reg_aladin_sym] Final backward transformation matrix::
0.8317733	-0.1277339	-0.09624716	4.139509
0.2714869	0.8022457	0.03004855	-16.85344
0.1159244	-0.003313	0.9026942	-1.650906
0	0	0	1
[reg_aladin_sym] - - - - - - - - - - - - - - - - - - - - - - - - - - - - - -
[reg_aladin] Registration performed in 0 min 15 sec
[reg_aladin] Have a good day !

* * * * * * * * * * * * * * * * * * * * * * * * * * * * * * * * * * * * * * * *
Command line:
 reg_resample -ref bucket/RESECT/RESECT/NIFTI/Case1/output/niftyreg/after/Case1-US.nii -flo bucket/RESECT/RESECT/NIFTI/Case1/output/niftyreg/after/Case1-MRI-landmarks.nii -res bucket/RESECT/RESECT/NIFTI/Case1/output/niftyreg/after/Case1-deformed_seg.nii -trans bucket/RESECT/RESECT/NIFTI/Case1/output/niftyreg/after/affine_matrix.txt -inter 0
Parameters
Reference image name: bucket/RESECT/RESECT/NIFTI/Case1/output/niftyreg/after/Case1-US.nii
	135x134x128 voxels, 1 volumes
	0.49715x0.499275x0.499448 mm
Floating image name: bucket/RESECT/RESECT/NIFTI/Case1/output/niftyreg/after/Case1-MRI-landmarks.nii
	135x134x128 voxels, 1 volumes
	0.49715x0.499275x0.499448 mm
* * * * * * * * * * * * * * * * * * * * * * * * * * * * * * * * * * * * * * * *

[NiftyReg] Resampled image has been saved: bucket/RESECT/RESECT/NIFTI/Case1/output/niftyreg/after/Case1-deformed_seg.nii
Unique image data: [ 0.  1.  2.  3.  4.  5.  6.  7.  8.  9. 10. 11.]
img2 shape: (135, 134, 128)
Unique image data 2: [ 0.  1.  2.  3.  4.  5.  6.  7.  8.  9. 10. 11.]
('landmark error (vox)', 7.451810033930027)
[reg_aladin] 
[reg_aladin] Command line:
[reg_aladin] 	 reg_aladin -ref bucket/RESECT/RESECT/NIFTI/Case2/output/niftyreg/after/Case2-US.nii -flo bucket/RESECT/RESECT/NIFTI/Case2/output/niftyreg/after/Case2-MRI_in_US.nii -res bucket/RESECT/RESECT/NIFTI/Case2/output/niftyreg/after/Case2-MRI_to_US_result.nii -rmask bucket/RESECT/RESECT/NIFTI/Case2/output/niftyreg/after/mask_US.nii -fmask bucket/RESECT/RESECT/NIFTI/Case2/output/niftyreg/after/mask_US.nii -aff bucket/RESECT/RESECT/NIFTI/Case2/output/niftyreg/after/affine_matrix.txt
[reg_aladin] 
[reg_aladin] OpenMP is used with 8 thread(s)
[reg_aladin_sym] Parameters
[reg_aladin_sym] Platform: cpu_platform
[reg_aladin_sym] Reference image name: bucket/RESECT/RESECT/NIFTI/Case2/output/niftyreg/after/Case2-US.nii
[reg_aladin_sym] 	123x126x112 voxels
[reg_aladin_sym] 	0.499187x0.5x0.498214 mm
[reg_aladin_sym] Floating image name: bucket/RESECT/RESECT/NIFTI/Case2/output/niftyreg/after/Case2-MRI_in_US.nii
[reg_aladin_sym] 	123x126x112 voxels
[reg_aladin_sym] 	0.499187x0.5x0.498214 mm
[reg_aladin_sym] Maximum iteration number: 5
[reg_aladin_sym] 	(10 during the first level)
[reg_aladin_sym] Percentage of blocks: 50 %
[reg_aladin_sym] * * * * * * * * * * * * * * * * * * * * * * * * * * * * * *
[reg_aladin_sym] Current level 1 / 3
[reg_aladin_sym] reference image size: 	62x63x56 voxels	0.998374x1x0.996429 mm
[reg_aladin_sym] floating image size: 	62x63x56 voxels	0.998374x1x0.996429 mm
[reg_aladin_sym] Block size = [4 4 4]
[reg_aladin_sym] * * * * * * * * * * * * * * * * * * * * * * * * * * * * * *
[reg_aladin_sym] Forward Block number = [16 16 14]
[reg_aladin_sym] Backward Block number = [16 16 14]
[reg_aladin_sym] Initial forward transformation matrix::
1	0	0	0
0	1	0	0
0	0	1	0
0	0	0	1
[reg_aladin_sym] Initial backward transformation matrix::
1	0	0	0
0	1	0	0
0	0	1	0
0	0	0	1
[reg_aladin_sym] * * * * * * * * * * * * * * * * * * * * * * * * * * * * * *
[reg_aladin_sym] Final forward transformation matrix::
1.159762	-0.1547336	-0.01724636	11.67502
0.02164974	1.15809	0.01676033	-11.70867
0.0455923	0.156576	1.159647	-17.58393
0	0	0	1
[reg_aladin_sym] Final backward transformation matrix::
0.8596919	0.1133573	0.01114705	-8.513646
-0.01561274	0.8631231	-0.01270687	10.06486
-0.03169132	-0.1209959	0.8636087	14.13893
0	0	0	1
[reg_aladin_sym] - - - - - - - - - - - - - - - - - - - - - - - - - - - - - -
[reg_aladin_sym] Current level 2 / 3
[reg_aladin_sym] reference image size: 	62x63x56 voxels	0.998374x1x0.996429 mm
[reg_aladin_sym] floating image size: 	62x63x56 voxels	0.998374x1x0.996429 mm
[reg_aladin_sym] Block size = [4 4 4]
[reg_aladin_sym] * * * * * * * * * * * * * * * * * * * * * * * * * * * * * *
[reg_aladin_sym] Forward Block number = [16 16 14]
[reg_aladin_sym] Backward Block number = [16 16 14]
[reg_aladin_sym] Initial forward transformation matrix::
1.159762	-0.1547336	-0.01724636	11.67502
0.02164974	1.15809	0.01676033	-11.70867
0.0455923	0.156576	1.159647	-17.58393
0	0	0	1
[reg_aladin_sym] Initial backward transformation matrix::
0.8596919	0.1133573	0.01114705	-8.513646
-0.01561274	0.8631231	-0.01270687	10.06486
-0.03169132	-0.1209959	0.8636087	14.13893
0	0	0	1
[reg_aladin_sym] * * * * * * * * * * * * * * * * * * * * * * * * * * * * * *
[reg_aladin_sym] Final forward transformation matrix::
1.164726	-0.1520145	-0.01121616	10.85163
0.01216703	1.095907	-0.01076223	-6.545581
0.01143638	0.1391797	1.162194	-16.64233
0	0	0	1
[reg_aladin_sym] Final backward transformation matrix::
0.8572494	0.1177209	0.009363318	-8.376173
-0.009588959	0.9100977	0.008335209	6.199891
-0.007287288	-0.1101481	0.8593515	13.65971
0	0	0	1
[reg_aladin_sym] - - - - - - - - - - - - - - - - - - - - - - - - - - - - - -
[reg_aladin_sym] Current level 3 / 3
[reg_aladin_sym] reference image size: 	123x126x112 voxels	0.499187x0.5x0.498214 mm
[reg_aladin_sym] floating image size: 	123x126x112 voxels	0.499187x0.5x0.498214 mm
[reg_aladin_sym] Block size = [4 4 4]
[reg_aladin_sym] * * * * * * * * * * * * * * * * * * * * * * * * * * * * * *
[reg_aladin_sym] Forward Block number = [31 32 28]
[reg_aladin_sym] Backward Block number = [31 32 28]
[reg_aladin_sym] Initial forward transformation matrix::
1.164726	-0.1520145	-0.01121616	10.85163
0.01216703	1.095907	-0.01076223	-6.545581
0.01143638	0.1391797	1.162194	-16.64233
0	0	0	1
[reg_aladin_sym] Initial backward transformation matrix::
0.8572494	0.1177209	0.009363318	-8.376173
-0.009588959	0.9100977	0.008335209	6.199891
-0.007287288	-0.1101481	0.8593515	13.65971
0	0	0	1
[reg_aladin_sym] * * * * * * * * * * * * * * * * * * * * * * * * * * * * * *
[reg_aladin_sym] Final forward transformation matrix::
1.121796	-0.1158603	-0.01340202	9.059597
0.02439053	1.10976	-0.03246254	-7.129956
0.03002924	0.1332174	1.141799	-16.01471
0	0	0	1
[reg_aladin_sym] Final backward transformation matrix::
0.889095	0.09125841	0.01303044	-7.195495
-0.02015591	0.8959617	0.02523654	6.974928
-0.02103148	-0.1069349	0.8725237	13.40131
0	0	0	1
[reg_aladin_sym] - - - - - - - - - - - - - - - - - - - - - - - - - - - - - -
[reg_aladin] Registration performed in 0 min 23 sec
[reg_aladin] Have a good day !

* * * * * * * * * * * * * * * * * * * * * * * * * * * * * * * * * * * * * * * *
Command line:
 reg_resample -ref bucket/RESECT/RESECT/NIFTI/Case2/output/niftyreg/after/Case2-US.nii -flo bucket/RESECT/RESECT/NIFTI/Case2/output/niftyreg/after/Case2-MRI-landmarks.nii -res bucket/RESECT/RESECT/NIFTI/Case2/output/niftyreg/after/Case2-deformed_seg.nii -trans bucket/RESECT/RESECT/NIFTI/Case2/output/niftyreg/after/affine_matrix.txt -inter 0
Parameters
Reference image name: bucket/RESECT/RESECT/NIFTI/Case2/output/niftyreg/after/Case2-US.nii
	123x126x112 voxels, 1 volumes
	0.499187x0.5x0.498214 mm
Floating image name: bucket/RESECT/RESECT/NIFTI/Case2/output/niftyreg/after/Case2-MRI-landmarks.nii
	123x126x112 voxels, 1 volumes
	0.499187x0.5x0.498214 mm
* * * * * * * * * * * * * * * * * * * * * * * * * * * * * * * * * * * * * * * *

[NiftyReg] Resampled image has been saved: bucket/RESECT/RESECT/NIFTI/Case2/output/niftyreg/after/Case2-deformed_seg.nii
Unique image data: [ 0.  1.  2.  3.  4.  5.  6.  7.  8.  9. 10. 11. 12. 13.]
img2 shape: (123, 126, 112)
Unique image data 2: [ 0.  1.  2.  3.  4.  5.  6.  7.  8.  9. 10. 11. 12. 13.]
('landmark error (vox)', 4.196994138880379)
[reg_aladin] 
[reg_aladin] Command line:
[reg_aladin] 	 reg_aladin -ref bucket/RESECT/RESECT/NIFTI/Case3/output/niftyreg/after/Case3-US.nii -flo bucket/RESECT/RESECT/NIFTI/Case3/output/niftyreg/after/Case3-MRI_in_US.nii -res bucket/RESECT/RESECT/NIFTI/Case3/output/niftyreg/after/Case3-MRI_to_US_result.nii -rmask bucket/RESECT/RESECT/NIFTI/Case3/output/niftyreg/after/mask_US.nii -fmask bucket/RESECT/RESECT/NIFTI/Case3/output/niftyreg/after/mask_US.nii -aff bucket/RESECT/RESECT/NIFTI/Case3/output/niftyreg/after/affine_matrix.txt
[reg_aladin] 
[reg_aladin] OpenMP is used with 8 thread(s)
[reg_aladin_sym] Parameters
[reg_aladin_sym] Platform: cpu_platform
[reg_aladin_sym] Reference image name: bucket/RESECT/RESECT/NIFTI/Case3/output/niftyreg/after/Case3-US.nii
[reg_aladin_sym] 	137x140x134 voxels
[reg_aladin_sym] 	0.499627x0.499926x0.497673 mm
[reg_aladin_sym] Floating image name: bucket/RESECT/RESECT/NIFTI/Case3/output/niftyreg/after/Case3-MRI_in_US.nii
[reg_aladin_sym] 	137x140x134 voxels
[reg_aladin_sym] 	0.499627x0.499926x0.497673 mm
[reg_aladin_sym] Maximum iteration number: 5
[reg_aladin_sym] 	(10 during the first level)
[reg_aladin_sym] Percentage of blocks: 50 %
[reg_aladin_sym] * * * * * * * * * * * * * * * * * * * * * * * * * * * * * *
[reg_aladin_sym] Current level 1 / 3
[reg_aladin_sym] reference image size: 	35x35x34 voxels	1.99851x1.9997x1.99069 mm
[reg_aladin_sym] floating image size: 	35x35x34 voxels	1.99851x1.9997x1.99069 mm
[reg_aladin_sym] Block size = [4 4 4]
[reg_aladin_sym] * * * * * * * * * * * * * * * * * * * * * * * * * * * * * *
[reg_aladin_sym] Forward Block number = [9 9 9]
[reg_aladin_sym] Backward Block number = [9 9 9]
[reg_aladin_sym] Initial forward transformation matrix::
1	0	0	0
0	1	0	0
0	0	1	0
0	0	0	1
[reg_aladin_sym] Initial backward transformation matrix::
1	0	0	0
0	1	0	0
0	0	1	0
0	0	0	1
[reg_aladin_sym] * * * * * * * * * * * * * * * * * * * * * * * * * * * * * *
[reg_aladin_sym] Final forward transformation matrix::
1.223446	0.1467178	0.08420581	9.28869
0.0835766	1.186587	-0.1205245	8.859447
0.02691568	0.1382572	0.9942947	5.633479
0	0	0	1
[reg_aladin_sym] Final backward transformation matrix::
0.8254752	-0.09261392	-0.08113496	-6.390003
-0.05957027	0.8376999	0.1065877	-7.468688
-0.01406244	-0.1139756	0.9931133	-4.454301
0	0	0	1
[reg_aladin_sym] - - - - - - - - - - - - - - - - - - - - - - - - - - - - - -
[reg_aladin_sym] Current level 2 / 3
[reg_aladin_sym] reference image size: 	69x70x67 voxels	0.999254x0.999851x0.995345 mm
[reg_aladin_sym] floating image size: 	69x70x67 voxels	0.999254x0.999851x0.995345 mm
[reg_aladin_sym] Block size = [4 4 4]
[reg_aladin_sym] * * * * * * * * * * * * * * * * * * * * * * * * * * * * * *
[reg_aladin_sym] Forward Block number = [18 18 17]
[reg_aladin_sym] Backward Block number = [18 18 17]
[reg_aladin_sym] Initial forward transformation matrix::
1.223446	0.1467178	0.08420581	9.28869
0.0835766	1.186587	-0.1205245	8.859447
0.02691568	0.1382572	0.9942947	5.633479
0	0	0	1
[reg_aladin_sym] Initial backward transformation matrix::
0.8254752	-0.09261392	-0.08113496	-6.390003
-0.05957027	0.8376999	0.1065877	-7.468688
-0.01406244	-0.1139756	0.9931133	-4.454301
0	0	0	1
[reg_aladin_sym] * * * * * * * * * * * * * * * * * * * * * * * * * * * * * *
[reg_aladin_sym] Final forward transformation matrix::
1.137889	0.01137453	0.05232221	8.890012
0.0672498	1.160938	-0.1535972	9.650481
0.04853977	0.08604623	1.021275	4.971933
0	0	0	1
[reg_aladin_sym] Final backward transformation matrix::
0.8810882	-0.005228669	-0.0459265	-7.554082
-0.05595567	0.8522087	0.1310368	-8.378284
-0.03716242	-0.07155325	0.9703106	-3.803422
0	0	0	1
[reg_aladin_sym] - - - - - - - - - - - - - - - - - - - - - - - - - - - - - -
[reg_aladin_sym] Current level 3 / 3
[reg_aladin_sym] reference image size: 	137x140x134 voxels	0.499627x0.499926x0.497673 mm
[reg_aladin_sym] floating image size: 	137x140x134 voxels	0.499627x0.499926x0.497673 mm
[reg_aladin_sym] Block size = [4 4 4]
[reg_aladin_sym] * * * * * * * * * * * * * * * * * * * * * * * * * * * * * *
[reg_aladin_sym] Forward Block number = [35 35 34]
[reg_aladin_sym] Backward Block number = [35 35 34]
[reg_aladin_sym] Initial forward transformation matrix::
1.137889	0.01137453	0.05232221	8.890012
0.0672498	1.160938	-0.1535972	9.650481
0.04853977	0.08604623	1.021275	4.971933
0	0	0	1
[reg_aladin_sym] Initial backward transformation matrix::
0.8810882	-0.005228669	-0.0459265	-7.554082
-0.05595567	0.8522087	0.1310368	-8.378284
-0.03716242	-0.07155325	0.9703106	-3.803422
0	0	0	1
[reg_aladin_sym] * * * * * * * * * * * * * * * * * * * * * * * * * * * * * *
[reg_aladin_sym] Final forward transformation matrix::
1.135714	0.005658667	0.03993414	9.234562
0.03327989	1.132142	-0.1463094	7.691287
0.02295202	0.09520157	1.018615	3.842498
0	0	0	1
[reg_aladin_sym] Final backward transformation matrix::
0.881249	-0.001481559	-0.03476162	-7.992982
-0.02813114	0.8727878	0.1264664	-6.93903
-0.01722763	-0.08153898	0.9706892	-2.943641
0	0	0	1
[reg_aladin_sym] - - - - - - - - - - - - - - - - - - - - - - - - - - - - - -
[reg_aladin] Registration performed in 0 min 14 sec
[reg_aladin] Have a good day !

* * * * * * * * * * * * * * * * * * * * * * * * * * * * * * * * * * * * * * * *
Command line:
 reg_resample -ref bucket/RESECT/RESECT/NIFTI/Case3/output/niftyreg/after/Case3-US.nii -flo bucket/RESECT/RESECT/NIFTI/Case3/output/niftyreg/after/Case3-MRI-landmarks.nii -res bucket/RESECT/RESECT/NIFTI/Case3/output/niftyreg/after/Case3-deformed_seg.nii -trans bucket/RESECT/RESECT/NIFTI/Case3/output/niftyreg/after/affine_matrix.txt -inter 0
Parameters
Reference image name: bucket/RESECT/RESECT/NIFTI/Case3/output/niftyreg/after/Case3-US.nii
	137x140x134 voxels, 1 volumes
	0.499627x0.499926x0.497673 mm
Floating image name: bucket/RESECT/RESECT/NIFTI/Case3/output/niftyreg/after/Case3-MRI-landmarks.nii
	137x140x134 voxels, 1 volumes
	0.499627x0.499926x0.497673 mm
* * * * * * * * * * * * * * * * * * * * * * * * * * * * * * * * * * * * * * * *

[NiftyReg] Resampled image has been saved: bucket/RESECT/RESECT/NIFTI/Case3/output/niftyreg/after/Case3-deformed_seg.nii
Unique image data: [ 0.  1.  2.  3.  4.  5.  6.  7.  8.  9. 10. 11. 12. 13. 14.]
img2 shape: (137, 140, 134)
Unique image data 2: [ 0.  1.  2.  3.  4.  5.  6.  7.  8.  9. 10. 11. 12. 13. 14.]
('landmark error (vox)', 4.10925638856627)
[reg_aladin] 
[reg_aladin] Command line:
[reg_aladin] 	 reg_aladin -ref bucket/RESECT/RESECT/NIFTI/Case4/output/niftyreg/after/Case4-US.nii -flo bucket/RESECT/RESECT/NIFTI/Case4/output/niftyreg/after/Case4-MRI_in_US.nii -res bucket/RESECT/RESECT/NIFTI/Case4/output/niftyreg/after/Case4-MRI_to_US_result.nii -rmask bucket/RESECT/RESECT/NIFTI/Case4/output/niftyreg/after/mask_US.nii -fmask bucket/RESECT/RESECT/NIFTI/Case4/output/niftyreg/after/mask_US.nii -aff bucket/RESECT/RESECT/NIFTI/Case4/output/niftyreg/after/affine_matrix.txt
[reg_aladin] 
[reg_aladin] OpenMP is used with 8 thread(s)
[reg_aladin_sym] Parameters
[reg_aladin_sym] Platform: cpu_platform
[reg_aladin_sym] Reference image name: bucket/RESECT/RESECT/NIFTI/Case4/output/niftyreg/after/Case4-US.nii
[reg_aladin_sym] 	136x124x145 voxels
[reg_aladin_sym] 	0.498706x0.498194x0.497545 mm
[reg_aladin_sym] Floating image name: bucket/RESECT/RESECT/NIFTI/Case4/output/niftyreg/after/Case4-MRI_in_US.nii
[reg_aladin_sym] 	136x124x145 voxels
[reg_aladin_sym] 	0.498706x0.498194x0.497545 mm
[reg_aladin_sym] Maximum iteration number: 5
[reg_aladin_sym] 	(10 during the first level)
[reg_aladin_sym] Percentage of blocks: 50 %
[reg_aladin_sym] * * * * * * * * * * * * * * * * * * * * * * * * * * * * * *
[reg_aladin_sym] Current level 1 / 3
[reg_aladin_sym] reference image size: 	34x62x37 voxels	1.99482x0.996387x1.99018 mm
[reg_aladin_sym] floating image size: 	34x62x37 voxels	1.99482x0.996387x1.99018 mm
[reg_aladin_sym] Block size = [4 4 4]
[reg_aladin_sym] * * * * * * * * * * * * * * * * * * * * * * * * * * * * * *
[reg_aladin_sym] Forward Block number = [9 16 10]
[reg_aladin_sym] Backward Block number = [9 16 10]
[reg_aladin_sym] Initial forward transformation matrix::
1	0	0	0
0	1	0	0
0	0	1	0
0	0	0	1
[reg_aladin_sym] Initial backward transformation matrix::
1	0	0	0
0	1	0	0
0	0	1	0
0	0	0	1
[reg_aladin_sym] * * * * * * * * * * * * * * * * * * * * * * * * * * * * * *
[reg_aladin_sym] Final forward transformation matrix::
1.096416	0.009261269	0.03002455	1.271538
0.03960611	0.9728985	-0.06522541	-4.373248
0.03579513	-0.0438532	0.9897811	0.5030723
0	0	0	1
[reg_aladin_sym] Final backward transformation matrix::
0.9133489	-0.009972865	-0.02836321	-1.190703
-0.03951372	1.03135	0.06916339	4.525798
-0.03478167	0.04605562	1.014415	-0.264685
0	0	0	1
[reg_aladin_sym] - - - - - - - - - - - - - - - - - - - - - - - - - - - - - -
[reg_aladin_sym] Current level 2 / 3
[reg_aladin_sym] reference image size: 	68x62x73 voxels	0.997412x0.996387x0.99509 mm
[reg_aladin_sym] floating image size: 	68x62x73 voxels	0.997412x0.996387x0.99509 mm
[reg_aladin_sym] Block size = [4 4 4]
[reg_aladin_sym] * * * * * * * * * * * * * * * * * * * * * * * * * * * * * *
[reg_aladin_sym] Forward Block number = [17 16 19]
[reg_aladin_sym] Backward Block number = [17 16 19]
[reg_aladin_sym] Initial forward transformation matrix::
1.096416	0.009261269	0.03002455	1.271538
0.03960611	0.9728985	-0.06522541	-4.373248
0.03579513	-0.0438532	0.9897811	0.5030723
0	0	0	1
[reg_aladin_sym] Initial backward transformation matrix::
0.9133489	-0.009972865	-0.02836321	-1.190703
-0.03951372	1.03135	0.06916339	4.525798
-0.03478167	0.04605562	1.014415	-0.264685
0	0	0	1
[reg_aladin_sym] * * * * * * * * * * * * * * * * * * * * * * * * * * * * * *
[reg_aladin_sym] Final forward transformation matrix::
1.155265	-0.00591932	0.04746567	-1.882427
-0.0167974	0.9914717	-0.04893148	-0.8467351
0.01225863	-0.009463589	1.031554	2.656742
0	0	0	1
[reg_aladin_sym] Final backward transformation matrix::
0.8660924	0.004792557	-0.03962484	1.739686
0.0141717	1.009137	0.04721605	0.755708
-0.01016233	0.009200981	0.9703155	-2.589216
0	0	0	1
[reg_aladin_sym] - - - - - - - - - - - - - - - - - - - - - - - - - - - - - -
[reg_aladin_sym] Current level 3 / 3
[reg_aladin_sym] reference image size: 	136x124x145 voxels	0.498706x0.498194x0.497545 mm
[reg_aladin_sym] floating image size: 	136x124x145 voxels	0.498706x0.498194x0.497545 mm
[reg_aladin_sym] Block size = [4 4 4]
[reg_aladin_sym] * * * * * * * * * * * * * * * * * * * * * * * * * * * * * *
[reg_aladin_sym] Forward Block number = [34 31 37]
[reg_aladin_sym] Backward Block number = [34 31 37]
[reg_aladin_sym] Initial forward transformation matrix::
1.155265	-0.00591932	0.04746567	-1.882427
-0.0167974	0.9914717	-0.04893148	-0.8467351
0.01225863	-0.009463589	1.031554	2.656742
0	0	0	1
[reg_aladin_sym] Initial backward transformation matrix::
0.8660924	0.004792557	-0.03962484	1.739686
0.0141717	1.009137	0.04721605	0.755708
-0.01016233	0.009200981	0.9703155	-2.589216
0	0	0	1
[reg_aladin_sym] * * * * * * * * * * * * * * * * * * * * * * * * * * * * * *
[reg_aladin_sym] Final forward transformation matrix::
1.139265	0.02182106	0.0648848	-1.502307
-0.05453064	1.002689	-0.01399716	1.38633
0.0370851	0.01008726	1.022117	0.9708874
0	0	0	1
[reg_aladin_sym] Final backward transformation matrix::
0.8786944	-0.0185589	-0.05603437	1.400201
0.04733569	0.9961809	0.01063708	-1.32025
-0.0323485	-0.009157935	0.9802896	-0.9876522
0	0	0	1
[reg_aladin_sym] - - - - - - - - - - - - - - - - - - - - - - - - - - - - - -
[reg_aladin] Registration performed in 0 min 17 sec
[reg_aladin] Have a good day !

* * * * * * * * * * * * * * * * * * * * * * * * * * * * * * * * * * * * * * * *
Command line:
 reg_resample -ref bucket/RESECT/RESECT/NIFTI/Case4/output/niftyreg/after/Case4-US.nii -flo bucket/RESECT/RESECT/NIFTI/Case4/output/niftyreg/after/Case4-MRI-landmarks.nii -res bucket/RESECT/RESECT/NIFTI/Case4/output/niftyreg/after/Case4-deformed_seg.nii -trans bucket/RESECT/RESECT/NIFTI/Case4/output/niftyreg/after/affine_matrix.txt -inter 0
Parameters
Reference image name: bucket/RESECT/RESECT/NIFTI/Case4/output/niftyreg/after/Case4-US.nii
	136x124x145 voxels, 1 volumes
	0.498706x0.498194x0.497545 mm
Floating image name: bucket/RESECT/RESECT/NIFTI/Case4/output/niftyreg/after/Case4-MRI-landmarks.nii
	136x124x145 voxels, 1 volumes
	0.498706x0.498194x0.497545 mm
* * * * * * * * * * * * * * * * * * * * * * * * * * * * * * * * * * * * * * * *

[NiftyReg] Resampled image has been saved: bucket/RESECT/RESECT/NIFTI/Case4/output/niftyreg/after/Case4-deformed_seg.nii
Unique image data: [ 0.  1.  2.  3.  4.  5.  6.  7.  8.  9. 10. 11. 12. 13.]
img2 shape: (136, 124, 145)
Unique image data 2: [ 0.  1.  2.  3.  4.  5.  6.  7.  8.  9. 10. 11. 12. 13.]
('landmark error (vox)', 3.823199371238824)
[reg_aladin] 
[reg_aladin] Command line:
[reg_aladin] 	 reg_aladin -ref bucket/RESECT/RESECT/NIFTI/Case6/output/niftyreg/after/Case6-US.nii -flo bucket/RESECT/RESECT/NIFTI/Case6/output/niftyreg/after/Case6-MRI_in_US.nii -res bucket/RESECT/RESECT/NIFTI/Case6/output/niftyreg/after/Case6-MRI_to_US_result.nii -rmask bucket/RESECT/RESECT/NIFTI/Case6/output/niftyreg/after/mask_US.nii -fmask bucket/RESECT/RESECT/NIFTI/Case6/output/niftyreg/after/mask_US.nii -aff bucket/RESECT/RESECT/NIFTI/Case6/output/niftyreg/after/affine_matrix.txt
[reg_aladin] 
[reg_aladin] OpenMP is used with 8 thread(s)
[reg_aladin_sym] Parameters
[reg_aladin_sym] Platform: cpu_platform
[reg_aladin_sym] Reference image name: bucket/RESECT/RESECT/NIFTI/Case6/output/niftyreg/after/Case6-US.nii
[reg_aladin_sym] 	121x192x172 voxels
[reg_aladin_sym] 	0.499324x0.499236x0.499483 mm
[reg_aladin_sym] Floating image name: bucket/RESECT/RESECT/NIFTI/Case6/output/niftyreg/after/Case6-MRI_in_US.nii
[reg_aladin_sym] 	121x192x172 voxels
[reg_aladin_sym] 	0.499324x0.499236x0.499483 mm
[reg_aladin_sym] Maximum iteration number: 5
[reg_aladin_sym] 	(10 during the first level)
[reg_aladin_sym] Percentage of blocks: 50 %
[reg_aladin_sym] * * * * * * * * * * * * * * * * * * * * * * * * * * * * * *
[reg_aladin_sym] Current level 1 / 3
[reg_aladin_sym] reference image size: 	61x48x43 voxels	0.998648x1.99694x1.99793 mm
[reg_aladin_sym] floating image size: 	61x48x43 voxels	0.998648x1.99694x1.99793 mm
[reg_aladin_sym] Block size = [4 4 4]
[reg_aladin_sym] * * * * * * * * * * * * * * * * * * * * * * * * * * * * * *
[reg_aladin_sym] Forward Block number = [16 12 11]
[reg_aladin_sym] Backward Block number = [16 12 11]
[reg_aladin_sym] Initial forward transformation matrix::
1	0	0	0
0	1	0	0
0	0	1	0
0	0	0	1
[reg_aladin_sym] Initial backward transformation matrix::
1	0	0	0
0	1	0	0
0	0	1	0
0	0	0	1
[reg_aladin_sym] * * * * * * * * * * * * * * * * * * * * * * * * * * * * * *
[reg_aladin_sym] Final forward transformation matrix::
1.123116	0.08011169	-0.01348688	-2.158455
-0.05970052	0.9774952	-0.05794873	-0.5240543
0.001043906	0.01996898	1.007786	-0.9797977
0	0	0	1
[reg_aladin_sym] Final backward transformation matrix::
0.8865024	-0.0728111	0.007677065	1.882841
0.05402524	1.017385	0.05922372	0.7078035
-0.00198877	-0.02008377	0.9910929	0.956253
0	0	0	1
[reg_aladin_sym] - - - - - - - - - - - - - - - - - - - - - - - - - - - - - -
[reg_aladin_sym] Current level 2 / 3
[reg_aladin_sym] reference image size: 	61x96x86 voxels	0.998648x0.998472x0.998966 mm
[reg_aladin_sym] floating image size: 	61x96x86 voxels	0.998648x0.998472x0.998966 mm
[reg_aladin_sym] Block size = [4 4 4]
[reg_aladin_sym] * * * * * * * * * * * * * * * * * * * * * * * * * * * * * *
[reg_aladin_sym] Forward Block number = [16 24 22]
[reg_aladin_sym] Backward Block number = [16 24 22]
[reg_aladin_sym] Initial forward transformation matrix::
1.123116	0.08011169	-0.01348688	-2.158455
-0.05970052	0.9774952	-0.05794873	-0.5240543
0.001043906	0.01996898	1.007786	-0.9797977
0	0	0	1
[reg_aladin_sym] Initial backward transformation matrix::
0.8865024	-0.0728111	0.007677065	1.882841
0.05402524	1.017385	0.05922372	0.7078035
-0.00198877	-0.02008377	0.9910929	0.956253
0	0	0	1
[reg_aladin_sym] * * * * * * * * * * * * * * * * * * * * * * * * * * * * * *
[reg_aladin_sym] Final forward transformation matrix::
1.178739	0.113006	0.04771297	-1.766645
-0.06349102	0.9890214	-0.0779024	-1.192756
-0.01403155	0.01740887	0.9701428	-1.385966
0	0	0	1
[reg_aladin_sym] Final backward transformation matrix::
0.8426399	-0.09541601	-0.0491041	1.306781
0.0549762	1.003448	0.077873	1.401922
0.01120089	-0.01938656	1.028668	1.422364
0	0	0	1
[reg_aladin_sym] - - - - - - - - - - - - - - - - - - - - - - - - - - - - - -
[reg_aladin_sym] Current level 3 / 3
[reg_aladin_sym] reference image size: 	121x192x172 voxels	0.499324x0.499236x0.499483 mm
[reg_aladin_sym] floating image size: 	121x192x172 voxels	0.499324x0.499236x0.499483 mm
[reg_aladin_sym] Block size = [4 4 4]
[reg_aladin_sym] * * * * * * * * * * * * * * * * * * * * * * * * * * * * * *
[reg_aladin_sym] Forward Block number = [31 48 43]
[reg_aladin_sym] Backward Block number = [31 48 43]
[reg_aladin_sym] Initial forward transformation matrix::
1.178739	0.113006	0.04771297	-1.766645
-0.06349102	0.9890214	-0.0779024	-1.192756
-0.01403155	0.01740887	0.9701428	-1.385966
0	0	0	1
[reg_aladin_sym] Initial backward transformation matrix::
0.8426399	-0.09541601	-0.0491041	1.306781
0.0549762	1.003448	0.077873	1.401922
0.01120089	-0.01938656	1.028668	1.422364
0	0	0	1
[reg_aladin_sym] * * * * * * * * * * * * * * * * * * * * * * * * * * * * * *
[reg_aladin_sym] Final forward transformation matrix::
1.175552	0.0917124	0.06356253	-1.917395
-0.08761217	0.9779913	-0.05261399	0.2146377
-0.004643518	0.01723862	1.015385	-0.1481106
0	0	0	1
[reg_aladin_sym] Final backward transformation matrix::
0.8446113	-0.07820113	-0.05692434	1.627807
0.07580204	1.014552	0.0478257	-0.0653353
0.00257562	-0.01758212	0.9837762	0.1544199
0	0	0	1
[reg_aladin_sym] - - - - - - - - - - - - - - - - - - - - - - - - - - - - - -
[reg_aladin] Registration performed in 0 min 23 sec
[reg_aladin] Have a good day !

* * * * * * * * * * * * * * * * * * * * * * * * * * * * * * * * * * * * * * * *
Command line:
 reg_resample -ref bucket/RESECT/RESECT/NIFTI/Case6/output/niftyreg/after/Case6-US.nii -flo bucket/RESECT/RESECT/NIFTI/Case6/output/niftyreg/after/Case6-MRI-landmarks.nii -res bucket/RESECT/RESECT/NIFTI/Case6/output/niftyreg/after/Case6-deformed_seg.nii -trans bucket/RESECT/RESECT/NIFTI/Case6/output/niftyreg/after/affine_matrix.txt -inter 0
Parameters
Reference image name: bucket/RESECT/RESECT/NIFTI/Case6/output/niftyreg/after/Case6-US.nii
	121x192x172 voxels, 1 volumes
	0.499324x0.499236x0.499483 mm
Floating image name: bucket/RESECT/RESECT/NIFTI/Case6/output/niftyreg/after/Case6-MRI-landmarks.nii
	121x192x172 voxels, 1 volumes
	0.499324x0.499236x0.499483 mm
* * * * * * * * * * * * * * * * * * * * * * * * * * * * * * * * * * * * * * * *

[NiftyReg] Resampled image has been saved: bucket/RESECT/RESECT/NIFTI/Case6/output/niftyreg/after/Case6-deformed_seg.nii
Unique image data: [0. 1. 2. 3. 4. 5. 6. 7. 8.]
img2 shape: (121, 192, 172)
Unique image data 2: [0. 1. 2. 3. 4. 5. 6. 7. 8.]
('landmark error (vox)', 4.479608597500759)
[reg_aladin] 
[reg_aladin] Command line:
[reg_aladin] 	 reg_aladin -ref bucket/RESECT/RESECT/NIFTI/Case7/output/niftyreg/after/Case7-US.nii -flo bucket/RESECT/RESECT/NIFTI/Case7/output/niftyreg/after/Case7-MRI_in_US.nii -res bucket/RESECT/RESECT/NIFTI/Case7/output/niftyreg/after/Case7-MRI_to_US_result.nii -rmask bucket/RESECT/RESECT/NIFTI/Case7/output/niftyreg/after/mask_US.nii -fmask bucket/RESECT/RESECT/NIFTI/Case7/output/niftyreg/after/mask_US.nii -aff bucket/RESECT/RESECT/NIFTI/Case7/output/niftyreg/after/affine_matrix.txt
[reg_aladin] 
[reg_aladin] OpenMP is used with 8 thread(s)
[reg_aladin_sym] Parameters
[reg_aladin_sym] Platform: cpu_platform
[reg_aladin_sym] Reference image name: bucket/RESECT/RESECT/NIFTI/Case7/output/niftyreg/after/Case7-US.nii
[reg_aladin_sym] 	174x175x176 voxels
[reg_aladin_sym] 	0.497426x0.497785x0.49814 mm
[reg_aladin_sym] Floating image name: bucket/RESECT/RESECT/NIFTI/Case7/output/niftyreg/after/Case7-MRI_in_US.nii
[reg_aladin_sym] 	174x175x176 voxels
[reg_aladin_sym] 	0.497426x0.497785x0.49814 mm
[reg_aladin_sym] Maximum iteration number: 5
[reg_aladin_sym] 	(10 during the first level)
[reg_aladin_sym] Percentage of blocks: 50 %
[reg_aladin_sym] * * * * * * * * * * * * * * * * * * * * * * * * * * * * * *
[reg_aladin_sym] Current level 1 / 3
[reg_aladin_sym] reference image size: 	44x44x44 voxels	1.9897x1.99114x1.99256 mm
[reg_aladin_sym] floating image size: 	44x44x44 voxels	1.9897x1.99114x1.99256 mm
[reg_aladin_sym] Block size = [4 4 4]
[reg_aladin_sym] * * * * * * * * * * * * * * * * * * * * * * * * * * * * * *
[reg_aladin_sym] Forward Block number = [11 11 11]
[reg_aladin_sym] Backward Block number = [11 11 11]
[reg_aladin_sym] Initial forward transformation matrix::
1	0	0	0
0	1	0	0
0	0	1	0
0	0	0	1
[reg_aladin_sym] Initial backward transformation matrix::
1	0	0	0
0	1	0	0
0	0	1	0
0	0	0	1
[reg_aladin_sym] * * * * * * * * * * * * * * * * * * * * * * * * * * * * * *
[reg_aladin_sym] Final forward transformation matrix::
1.131754	0.02042521	0.1499288	0.9518195
0.1772256	1.137405	-0.01806219	-5.190248
0.07095683	0.1037406	1.073292	-1.000395
0	0	0	1
[reg_aladin_sym] Final backward transformation matrix::
0.8921299	-0.004646947	-0.1247003	-0.9980151
-0.13973	0.878575	0.0343043	4.727338
-0.04547413	-0.08461267	0.936641	0.5411335
0	0	0	1
[reg_aladin_sym] - - - - - - - - - - - - - - - - - - - - - - - - - - - - - -
[reg_aladin_sym] Current level 2 / 3
[reg_aladin_sym] reference image size: 	87x88x88 voxels	0.994852x0.99557x0.996279 mm
[reg_aladin_sym] floating image size: 	87x88x88 voxels	0.994852x0.99557x0.996279 mm
[reg_aladin_sym] Block size = [4 4 4]
[reg_aladin_sym] * * * * * * * * * * * * * * * * * * * * * * * * * * * * * *
[reg_aladin_sym] Forward Block number = [22 22 22]
[reg_aladin_sym] Backward Block number = [22 22 22]
[reg_aladin_sym] Initial forward transformation matrix::
1.131754	0.02042521	0.1499288	0.9518195
0.1772256	1.137405	-0.01806219	-5.190248
0.07095683	0.1037406	1.073292	-1.000395
0	0	0	1
[reg_aladin_sym] Initial backward transformation matrix::
0.8921299	-0.004646947	-0.1247003	-0.9980151
-0.13973	0.878575	0.0343043	4.727338
-0.04547413	-0.08461267	0.936641	0.5411335
0	0	0	1
[reg_aladin_sym] * * * * * * * * * * * * * * * * * * * * * * * * * * * * * *
[reg_aladin_sym] Final forward transformation matrix::
1.188147	0.02096771	0.1463587	-1.410139
0.08908927	1.024513	-0.01872405	-2.873773
0.03394705	0.06476805	1.101096	0.3355317
0	0	0	1
[reg_aladin_sym] Final backward transformation matrix::
0.8456271	-0.01018983	-0.1125747	1.200941
-0.07393076	0.9759161	0.02642231	2.691443
-0.02172216	-0.05709062	0.9101022	-0.5000648
0	0	0	1
[reg_aladin_sym] - - - - - - - - - - - - - - - - - - - - - - - - - - - - - -
[reg_aladin_sym] Current level 3 / 3
[reg_aladin_sym] reference image size: 	174x175x176 voxels	0.497426x0.497785x0.49814 mm
[reg_aladin_sym] floating image size: 	174x175x176 voxels	0.497426x0.497785x0.49814 mm
[reg_aladin_sym] Block size = [4 4 4]
[reg_aladin_sym] * * * * * * * * * * * * * * * * * * * * * * * * * * * * * *
[reg_aladin_sym] Forward Block number = [44 44 44]
[reg_aladin_sym] Backward Block number = [44 44 44]
[reg_aladin_sym] Initial forward transformation matrix::
1.188147	0.02096771	0.1463587	-1.410139
0.08908927	1.024513	-0.01872405	-2.873773
0.03394705	0.06476805	1.101096	0.3355317
0	0	0	1
[reg_aladin_sym] Initial backward transformation matrix::
0.8456271	-0.01018983	-0.1125747	1.200941
-0.07393076	0.9759161	0.02642231	2.691443
-0.02172216	-0.05709062	0.9101022	-0.5000648
0	0	0	1
[reg_aladin_sym] * * * * * * * * * * * * * * * * * * * * * * * * * * * * * *
[reg_aladin_sym] Final forward transformation matrix::
1.162342	0.0101377	0.1373833	-0.6357286
0.08966309	1.016682	-0.03120978	-2.55559
0.0291229	0.06855847	1.093516	0.1867707
0	0	0	1
[reg_aladin_sym] Final backward transformation matrix::
0.8631495	-0.001291703	-0.1084782	0.5656883
-0.07668085	0.9818171	0.03765558	2.453341
-0.01818016	-0.06152107	0.9150099	-0.3396773
0	0	0	1
[reg_aladin_sym] - - - - - - - - - - - - - - - - - - - - - - - - - - - - - -
[reg_aladin] Registration performed in 0 min 33 sec
[reg_aladin] Have a good day !

* * * * * * * * * * * * * * * * * * * * * * * * * * * * * * * * * * * * * * * *
Command line:
 reg_resample -ref bucket/RESECT/RESECT/NIFTI/Case7/output/niftyreg/after/Case7-US.nii -flo bucket/RESECT/RESECT/NIFTI/Case7/output/niftyreg/after/Case7-MRI-landmarks.nii -res bucket/RESECT/RESECT/NIFTI/Case7/output/niftyreg/after/Case7-deformed_seg.nii -trans bucket/RESECT/RESECT/NIFTI/Case7/output/niftyreg/after/affine_matrix.txt -inter 0
Parameters
Reference image name: bucket/RESECT/RESECT/NIFTI/Case7/output/niftyreg/after/Case7-US.nii
	174x175x176 voxels, 1 volumes
	0.497426x0.497785x0.49814 mm
Floating image name: bucket/RESECT/RESECT/NIFTI/Case7/output/niftyreg/after/Case7-MRI-landmarks.nii
	174x175x176 voxels, 1 volumes
	0.497426x0.497785x0.49814 mm
* * * * * * * * * * * * * * * * * * * * * * * * * * * * * * * * * * * * * * * *

[NiftyReg] Resampled image has been saved: bucket/RESECT/RESECT/NIFTI/Case7/output/niftyreg/after/Case7-deformed_seg.nii
Unique image data: [ 0.  1.  2.  3.  4.  5.  6.  7.  8.  9. 10. 11. 12. 13. 14.]
img2 shape: (174, 175, 176)
Unique image data 2: [ 0.  1.  2.  3.  4.  5.  6.  7.  8.  9. 10. 11. 12. 13. 14.]
('landmark error (vox)', 3.748400713015574)
[reg_aladin] 
[reg_aladin] Command line:
[reg_aladin] 	 reg_aladin -ref bucket/RESECT/RESECT/NIFTI/Case8/output/niftyreg/after/Case8-US.nii -flo bucket/RESECT/RESECT/NIFTI/Case8/output/niftyreg/after/Case8-MRI_in_US.nii -res bucket/RESECT/RESECT/NIFTI/Case8/output/niftyreg/after/Case8-MRI_to_US_result.nii -rmask bucket/RESECT/RESECT/NIFTI/Case8/output/niftyreg/after/mask_US.nii -fmask bucket/RESECT/RESECT/NIFTI/Case8/output/niftyreg/after/mask_US.nii -aff bucket/RESECT/RESECT/NIFTI/Case8/output/niftyreg/after/affine_matrix.txt
[reg_aladin] 
[reg_aladin] OpenMP is used with 8 thread(s)
[reg_aladin_sym] Parameters
[reg_aladin_sym] Platform: cpu_platform
[reg_aladin_sym] Reference image name: bucket/RESECT/RESECT/NIFTI/Case8/output/niftyreg/after/Case8-US.nii
[reg_aladin_sym] 	133x120x129 voxels
[reg_aladin_sym] 	0.499797x0.497868x0.496327 mm
[reg_aladin_sym] Floating image name: bucket/RESECT/RESECT/NIFTI/Case8/output/niftyreg/after/Case8-MRI_in_US.nii
[reg_aladin_sym] 	133x120x129 voxels
[reg_aladin_sym] 	0.499797x0.497868x0.496327 mm
[reg_aladin_sym] Maximum iteration number: 5
[reg_aladin_sym] 	(10 during the first level)
[reg_aladin_sym] Percentage of blocks: 50 %
[reg_aladin_sym] * * * * * * * * * * * * * * * * * * * * * * * * * * * * * *
[reg_aladin_sym] Current level 1 / 3
[reg_aladin_sym] reference image size: 	34x60x33 voxels	1.99919x0.995736x1.98531 mm
[reg_aladin_sym] floating image size: 	34x60x33 voxels	1.99919x0.995736x1.98531 mm
[reg_aladin_sym] Block size = [4 4 4]
[reg_aladin_sym] * * * * * * * * * * * * * * * * * * * * * * * * * * * * * *
[reg_aladin_sym] Forward Block number = [9 15 9]
[reg_aladin_sym] Backward Block number = [9 15 9]
[reg_aladin_sym] Initial forward transformation matrix::
1	0	0	0
0	1	0	0
0	0	1	0
0	0	0	1
[reg_aladin_sym] Initial backward transformation matrix::
1	0	0	0
0	1	0	0
0	0	1	0
0	0	0	1
[reg_aladin_sym] * * * * * * * * * * * * * * * * * * * * * * * * * * * * * *
[reg_aladin_sym] Final forward transformation matrix::
1.388925	-0.1322549	-0.1914327	18.48023
-0.01193548	1.033611	-0.07739378	0.25748
