[reg_aladin] 
[reg_aladin] Command line:
[reg_aladin] 	 reg_aladin -ref bucket/RESECT/RESECT/NIFTI/Case1/output/niftyreg/Case1-US.nii -flo bucket/RESECT/RESECT/NIFTI/Case1/output/niftyreg/Case1-MRI_in_US.nii -res bucket/RESECT/RESECT/NIFTI/Case1/output/niftyreg/Case1-MRI_to_US_result.nii -rmask bucket/RESECT/RESECT/NIFTI/Case1/output/niftyreg/mask_US.nii -fmask bucket/RESECT/RESECT/NIFTI/Case1/output/niftyreg/mask_US.nii -aff bucket/RESECT/RESECT/NIFTI/Case1/output/niftyreg/affine_matrix.txt
[reg_aladin] 
[reg_aladin] OpenMP is used with 8 thread(s)
[reg_aladin_sym] Parameters
[reg_aladin_sym] Platform: cpu_platform
[reg_aladin_sym] Reference image name: bucket/RESECT/RESECT/NIFTI/Case1/output/niftyreg/Case1-US.nii
[reg_aladin_sym] 	151x136x119 voxels
[reg_aladin_sym] 	0.498613x0.497928x0.499973 mm
[reg_aladin_sym] Floating image name: bucket/RESECT/RESECT/NIFTI/Case1/output/niftyreg/Case1-MRI_in_US.nii
[reg_aladin_sym] 	151x136x119 voxels
[reg_aladin_sym] 	0.498613x0.497928x0.499973 mm
[reg_aladin_sym] Maximum iteration number: 5
[reg_aladin_sym] 	(10 during the first level)
[reg_aladin_sym] Percentage of blocks: 50 %
[reg_aladin_sym] * * * * * * * * * * * * * * * * * * * * * * * * * * * * * *
[reg_aladin_sym] Current level 1 / 3
[reg_aladin_sym] reference image size: 	38x34x60 voxels	1.99445x1.99171x0.999946 mm
[reg_aladin_sym] floating image size: 	38x34x60 voxels	1.99445x1.99171x0.999946 mm
[reg_aladin_sym] Block size = [4 4 4]
[reg_aladin_sym] * * * * * * * * * * * * * * * * * * * * * * * * * * * * * *
[reg_aladin_sym] Forward Block number = [10 9 15]
[reg_aladin_sym] Backward Block number = [10 9 15]
[reg_aladin_sym] Initial forward transformation matrix::
1	0	0	0
0	1	0	0
0	0	1	0
0	0	0	1
[reg_aladin_sym] Initial backward transformation matrix::
1	0	0	0
0	1	0	0
0	0	1	0
0	0	0	1
[reg_aladin_sym] * * * * * * * * * * * * * * * * * * * * * * * * * * * * * *
[reg_aladin_sym] Final forward transformation matrix::
1.418237	0.1280184	0.03682653	-12.16236
-0.08410823	1.08717	-0.1135312	12.04581
-0.1706834	-0.03692159	0.9938259	7.300645
0	0	0	1
[reg_aladin_sym] Final backward transformation matrix::
0.6959231	-0.08314593	-0.03528596	9.72324
0.06657925	0.9154469	0.1021104	-10.96301
0.121994	0.01972994	1.003946	-6.08338
0	0	0	1
[reg_aladin_sym] - - - - - - - - - - - - - - - - - - - - - - - - - - - - - -
[reg_aladin_sym] Current level 2 / 3
[reg_aladin_sym] reference image size: 	76x68x60 voxels	0.997225x0.995856x0.999946 mm
[reg_aladin_sym] floating image size: 	76x68x60 voxels	0.997225x0.995856x0.999946 mm
[reg_aladin_sym] Block size = [4 4 4]
[reg_aladin_sym] * * * * * * * * * * * * * * * * * * * * * * * * * * * * * *
[reg_aladin_sym] Forward Block number = [19 17 15]
[reg_aladin_sym] Backward Block number = [19 17 15]
[reg_aladin_sym] Initial forward transformation matrix::
1.418237	0.1280184	0.03682653	-12.16236
-0.08410823	1.08717	-0.1135312	12.04581
-0.1706834	-0.03692159	0.9938259	7.300645
0	0	0	1
[reg_aladin_sym] Initial backward transformation matrix::
0.6959231	-0.08314593	-0.03528596	9.72324
0.06657925	0.9154469	0.1021104	-10.96301
0.121994	0.01972994	1.003946	-6.08338
0	0	0	1
[reg_aladin_sym] * * * * * * * * * * * * * * * * * * * * * * * * * * * * * *
[reg_aladin_sym] Final forward transformation matrix::
1.214241	0.06637586	0.08887303	-8.163558
-0.07097728	1.081176	-0.04525581	7.691094
-0.1373762	0.03734167	1.037642	6.008576
0	0	0	1
[reg_aladin_sym] Final backward transformation matrix::
0.8126791	-0.04741678	-0.07167321	7.429693
0.05776754	0.9201572	0.03518409	-6.816833
0.1055139	-0.03939138	0.9529684	-4.561652
0	0	0	1
[reg_aladin_sym] - - - - - - - - - - - - - - - - - - - - - - - - - - - - - -
[reg_aladin_sym] Current level 3 / 3
[reg_aladin_sym] reference image size: 	151x136x119 voxels	0.498613x0.497928x0.499973 mm
[reg_aladin_sym] floating image size: 	151x136x119 voxels	0.498613x0.497928x0.499973 mm
[reg_aladin_sym] Block size = [4 4 4]
[reg_aladin_sym] * * * * * * * * * * * * * * * * * * * * * * * * * * * * * *
[reg_aladin_sym] Forward Block number = [38 34 30]
[reg_aladin_sym] Backward Block number = [38 34 30]
[reg_aladin_sym] Initial forward transformation matrix::
1.214241	0.06637586	0.08887303	-8.163558
-0.07097728	1.081176	-0.04525581	7.691094
-0.1373762	0.03734167	1.037642	6.008576
0	0	0	1
[reg_aladin_sym] Initial backward transformation matrix::
0.8126791	-0.04741678	-0.07167321	7.429693
0.05776754	0.9201572	0.03518409	-6.816833
0.1055139	-0.03939138	0.9529684	-4.561652
0	0	0	1
[reg_aladin_sym] * * * * * * * * * * * * * * * * * * * * * * * * * * * * * *
[reg_aladin_sym] Final forward transformation matrix::
1.162314	0.07263707	0.07313091	-6.210299
-0.08553975	1.067655	-0.01533932	6.934255
-0.08504855	0.04859838	1.017131	5.205774
0	0	0	1
[reg_aladin_sym] Final backward transformation matrix::
0.8517539	-0.05512298	-0.06207175	5.995015
0.06921764	0.9315101	0.009071384	-6.07669
0.06791314	-0.0491166	0.9775341	-4.326473
0	0	0	1
[reg_aladin_sym] - - - - - - - - - - - - - - - - - - - - - - - - - - - - - -
[reg_aladin] Registration performed in 0 min 17 sec
[reg_aladin] Have a good day !

* * * * * * * * * * * * * * * * * * * * * * * * * * * * * * * * * * * * * * * *
Command line:
 reg_resample -ref bucket/RESECT/RESECT/NIFTI/Case1/output/niftyreg/Case1-US.nii -flo bucket/RESECT/RESECT/NIFTI/Case1/output/niftyreg/Case1-MRI-landmarks.nii -res bucket/RESECT/RESECT/NIFTI/Case1/output/niftyreg/Case1-deformed_seg.nii -trans bucket/RESECT/RESECT/NIFTI/Case1/output/niftyreg/affine_matrix.txt -inter 0
Parameters
Reference image name: bucket/RESECT/RESECT/NIFTI/Case1/output/niftyreg/Case1-US.nii
	151x136x119 voxels, 1 volumes
	0.498613x0.497928x0.499973 mm
Floating image name: bucket/RESECT/RESECT/NIFTI/Case1/output/niftyreg/Case1-MRI-landmarks.nii
	151x136x119 voxels, 1 volumes
	0.498613x0.497928x0.499973 mm
* * * * * * * * * * * * * * * * * * * * * * * * * * * * * * * * * * * * * * * *

[NiftyReg] Resampled image has been saved: bucket/RESECT/RESECT/NIFTI/Case1/output/niftyreg/Case1-deformed_seg.nii
Unique image data: [ 0.  1.  2.  3.  4.  5.  6.  7.  8.  9. 10. 11. 12. 13. 14.]
img2 shape: (151, 136, 119)
Unique image data 2: [ 0.  1.  2.  3.  4.  5.  6.  7.  8.  9. 10. 11. 12. 13. 14.]
('landmark error (vox)', 3.427517105037146)
[reg_aladin] 
[reg_aladin] Command line:
[reg_aladin] 	 reg_aladin -ref bucket/RESECT/RESECT/NIFTI/Case2/output/niftyreg/Case2-US.nii -flo bucket/RESECT/RESECT/NIFTI/Case2/output/niftyreg/Case2-MRI_in_US.nii -res bucket/RESECT/RESECT/NIFTI/Case2/output/niftyreg/Case2-MRI_to_US_result.nii -rmask bucket/RESECT/RESECT/NIFTI/Case2/output/niftyreg/mask_US.nii -fmask bucket/RESECT/RESECT/NIFTI/Case2/output/niftyreg/mask_US.nii -aff bucket/RESECT/RESECT/NIFTI/Case2/output/niftyreg/affine_matrix.txt
[reg_aladin] 
[reg_aladin] OpenMP is used with 8 thread(s)
[reg_aladin_sym] Parameters
[reg_aladin_sym] Platform: cpu_platform
[reg_aladin_sym] Reference image name: bucket/RESECT/RESECT/NIFTI/Case2/output/niftyreg/Case2-US.nii
[reg_aladin_sym] 	128x161x106 voxels
[reg_aladin_sym] 	0.497621x0.497762x0.498787 mm
[reg_aladin_sym] Floating image name: bucket/RESECT/RESECT/NIFTI/Case2/output/niftyreg/Case2-MRI_in_US.nii
[reg_aladin_sym] 	128x161x106 voxels
[reg_aladin_sym] 	0.497621x0.497762x0.498787 mm
[reg_aladin_sym] Maximum iteration number: 5
[reg_aladin_sym] 	(10 during the first level)
[reg_aladin_sym] Percentage of blocks: 50 %
[reg_aladin_sym] * * * * * * * * * * * * * * * * * * * * * * * * * * * * * *
[reg_aladin_sym] Current level 1 / 3
[reg_aladin_sym] reference image size: 	32x41x53 voxels	1.99048x1.99105x0.997573 mm
[reg_aladin_sym] floating image size: 	32x41x53 voxels	1.99048x1.99105x0.997573 mm
[reg_aladin_sym] Block size = [4 4 4]
[reg_aladin_sym] * * * * * * * * * * * * * * * * * * * * * * * * * * * * * *
[reg_aladin_sym] Forward Block number = [8 11 14]
[reg_aladin_sym] Backward Block number = [8 11 14]
[reg_aladin_sym] Initial forward transformation matrix::
1	0	0	0
0	1	0	0
0	0	1	0
0	0	0	1
[reg_aladin_sym] Initial backward transformation matrix::
1	0	0	0
0	1	0	0
0	0	1	0
0	0	0	1
[reg_aladin_sym] * * * * * * * * * * * * * * * * * * * * * * * * * * * * * *
[reg_aladin_sym] Final forward transformation matrix::
1.033881	-0.04209952	0.00406953	5.208154
0.1127289	1.119482	0.1210075	-19.88214
-0.03391227	0.02096261	1.128196	-6.605203
0	0	0	1
[reg_aladin_sym] Final backward transformation matrix::
0.9630233	0.03635376	-0.007372947	-4.341483
-0.1003044	0.8912817	-0.0952348	17.61395
0.03081108	-0.01546783	0.8879184	5.396879
0	0	0	1
[reg_aladin_sym] - - - - - - - - - - - - - - - - - - - - - - - - - - - - - -
[reg_aladin_sym] Current level 2 / 3
[reg_aladin_sym] reference image size: 	64x81x53 voxels	0.995241x0.995524x0.997573 mm
[reg_aladin_sym] floating image size: 	64x81x53 voxels	0.995241x0.995524x0.997573 mm
[reg_aladin_sym] Block size = [4 4 4]
[reg_aladin_sym] * * * * * * * * * * * * * * * * * * * * * * * * * * * * * *
[reg_aladin_sym] Forward Block number = [16 21 14]
[reg_aladin_sym] Backward Block number = [16 21 14]
[reg_aladin_sym] Initial forward transformation matrix::
1.033881	-0.04209952	0.00406953	5.208154
0.1127289	1.119482	0.1210075	-19.88214
-0.03391227	0.02096261	1.128196	-6.605203
0	0	0	1
[reg_aladin_sym] Initial backward transformation matrix::
0.9630233	0.03635376	-0.007372947	-4.341483
-0.1003044	0.8912817	-0.0952348	17.61395
0.03081108	-0.01546783	0.8879184	5.396879
0	0	0	1
[reg_aladin_sym] * * * * * * * * * * * * * * * * * * * * * * * * * * * * * *
[reg_aladin_sym] Final forward transformation matrix::
1.025556	-0.1096885	0.02253249	7.789065
0.05146448	1.089648	0.03833976	-12.47872
-0.01703318	0.07377965	1.110828	-7.694255
0	0	0	1
[reg_aladin_sym] Final backward transformation matrix::
0.9697204	0.09917968	-0.02309334	-6.493267
-0.04643194	0.9151281	-0.0306434	11.54551
0.0179534	-0.05926071	0.9019102	6.060189
0	0	0	1
[reg_aladin_sym] - - - - - - - - - - - - - - - - - - - - - - - - - - - - - -
[reg_aladin_sym] Current level 3 / 3
[reg_aladin_sym] reference image size: 	128x161x106 voxels	0.497621x0.497762x0.498787 mm
[reg_aladin_sym] floating image size: 	128x161x106 voxels	0.497621x0.497762x0.498787 mm
[reg_aladin_sym] Block size = [4 4 4]
[reg_aladin_sym] * * * * * * * * * * * * * * * * * * * * * * * * * * * * * *
[reg_aladin_sym] Forward Block number = [32 41 27]
[reg_aladin_sym] Backward Block number = [32 41 27]
[reg_aladin_sym] Initial forward transformation matrix::
1.025556	-0.1096885	0.02253249	7.789065
0.05146448	1.089648	0.03833976	-12.47872
-0.01703318	0.07377965	1.110828	-7.694255
0	0	0	1
[reg_aladin_sym] Initial backward transformation matrix::
0.9697204	0.09917968	-0.02309334	-6.493267
-0.04643194	0.9151281	-0.0306434	11.54551
0.0179534	-0.05926071	0.9019102	6.060189
0	0	0	1
[reg_aladin_sym] * * * * * * * * * * * * * * * * * * * * * * * * * * * * * *
[reg_aladin_sym] Final forward transformation matrix::
1.059008	-0.1216857	-0.02648749	10.15002
0.05475497	1.094726	0.006167872	-11.5214
0.02115084	0.04471334	1.073679	-5.354634
0	0	0	1
[reg_aladin_sym] Final backward transformation matrix::
0.9384837	0.103397	0.02255828	-8.213559
-0.04684701	0.9085235	-0.006374829	10.90883
-0.01653663	-0.03987232	0.9311985	4.694689
0	0	0	1
[reg_aladin_sym] - - - - - - - - - - - - - - - - - - - - - - - - - - - - - -
[reg_aladin] Registration performed in 0 min 14 sec
[reg_aladin] Have a good day !

* * * * * * * * * * * * * * * * * * * * * * * * * * * * * * * * * * * * * * * *
Command line:
 reg_resample -ref bucket/RESECT/RESECT/NIFTI/Case2/output/niftyreg/Case2-US.nii -flo bucket/RESECT/RESECT/NIFTI/Case2/output/niftyreg/Case2-MRI-landmarks.nii -res bucket/RESECT/RESECT/NIFTI/Case2/output/niftyreg/Case2-deformed_seg.nii -trans bucket/RESECT/RESECT/NIFTI/Case2/output/niftyreg/affine_matrix.txt -inter 0
Parameters
Reference image name: bucket/RESECT/RESECT/NIFTI/Case2/output/niftyreg/Case2-US.nii
	128x161x106 voxels, 1 volumes
	0.497621x0.497762x0.498787 mm
Floating image name: bucket/RESECT/RESECT/NIFTI/Case2/output/niftyreg/Case2-MRI-landmarks.nii
	128x161x106 voxels, 1 volumes
	0.497621x0.497762x0.498787 mm
* * * * * * * * * * * * * * * * * * * * * * * * * * * * * * * * * * * * * * * *

[NiftyReg] Resampled image has been saved: bucket/RESECT/RESECT/NIFTI/Case2/output/niftyreg/Case2-deformed_seg.nii
Unique image data: [ 0.  1.  2.  3.  4.  5.  6.  7.  8.  9. 10. 11. 12. 13. 14.]
img2 shape: (128, 161, 106)
Unique image data 2: [ 0.  1.  2.  3.  4.  5.  6.  7.  8.  9. 10. 11. 12. 13. 14.]
('landmark error (vox)', 4.741557242731688)
[reg_aladin] 
[reg_aladin] Command line:
[reg_aladin] 	 reg_aladin -ref bucket/RESECT/RESECT/NIFTI/Case3/output/niftyreg/Case3-US.nii -flo bucket/RESECT/RESECT/NIFTI/Case3/output/niftyreg/Case3-MRI_in_US.nii -res bucket/RESECT/RESECT/NIFTI/Case3/output/niftyreg/Case3-MRI_to_US_result.nii -rmask bucket/RESECT/RESECT/NIFTI/Case3/output/niftyreg/mask_US.nii -fmask bucket/RESECT/RESECT/NIFTI/Case3/output/niftyreg/mask_US.nii -aff bucket/RESECT/RESECT/NIFTI/Case3/output/niftyreg/affine_matrix.txt
[reg_aladin] 
[reg_aladin] OpenMP is used with 8 thread(s)
[reg_aladin_sym] Parameters
[reg_aladin_sym] Platform: cpu_platform
[reg_aladin_sym] Reference image name: bucket/RESECT/RESECT/NIFTI/Case3/output/niftyreg/Case3-US.nii
[reg_aladin_sym] 	135x126x99 voxels
[reg_aladin_sym] 	0.499259x0.496825x0.496969 mm
[reg_aladin_sym] Floating image name: bucket/RESECT/RESECT/NIFTI/Case3/output/niftyreg/Case3-MRI_in_US.nii
[reg_aladin_sym] 	135x126x99 voxels
[reg_aladin_sym] 	0.499259x0.496825x0.496969 mm
[reg_aladin_sym] Maximum iteration number: 5
[reg_aladin_sym] 	(10 during the first level)
[reg_aladin_sym] Percentage of blocks: 50 %
[reg_aladin_sym] * * * * * * * * * * * * * * * * * * * * * * * * * * * * * *
[reg_aladin_sym] Current level 1 / 3
[reg_aladin_sym] reference image size: 	34x63x50 voxels	1.99704x0.993651x0.993939 mm
[reg_aladin_sym] floating image size: 	34x63x50 voxels	1.99704x0.993651x0.993939 mm
[reg_aladin_sym] Block size = [4 4 4]
[reg_aladin_sym] * * * * * * * * * * * * * * * * * * * * * * * * * * * * * *
[reg_aladin_sym] Forward Block number = [9 16 13]
[reg_aladin_sym] Backward Block number = [9 16 13]
[reg_aladin_sym] Initial forward transformation matrix::
1	0	0	0
0	1	0	0
0	0	1	0
0	0	0	1
[reg_aladin_sym] Initial backward transformation matrix::
1	0	0	0
0	1	0	0
0	0	1	0
0	0	0	1
[reg_aladin_sym] * * * * * * * * * * * * * * * * * * * * * * * * * * * * * *
[reg_aladin_sym] Final forward transformation matrix::
1.104807	0.1094985	-0.02693867	9.11208
0.05127577	1.321873	-0.1940942	6.849819
0.07701959	0.06194984	1.13997	2.854652
0	0	0	1
[reg_aladin_sym] Final backward transformation matrix::
0.9080465	-0.07562111	0.008582644	-7.780703
-0.04388142	0.7541683	0.1273696	-5.129661
-0.05896552	-0.03587488	0.8697144	-1.699697
0	0	0	1
[reg_aladin_sym] - - - - - - - - - - - - - - - - - - - - - - - - - - - - - -
[reg_aladin_sym] Current level 2 / 3
[reg_aladin_sym] reference image size: 	68x63x50 voxels	0.998519x0.993651x0.993939 mm
[reg_aladin_sym] floating image size: 	68x63x50 voxels	0.998519x0.993651x0.993939 mm
[reg_aladin_sym] Block size = [4 4 4]
[reg_aladin_sym] * * * * * * * * * * * * * * * * * * * * * * * * * * * * * *
[reg_aladin_sym] Forward Block number = [17 16 13]
[reg_aladin_sym] Backward Block number = [17 16 13]
[reg_aladin_sym] Initial forward transformation matrix::
1.104807	0.1094985	-0.02693867	9.11208
0.05127577	1.321873	-0.1940942	6.849819
0.07701959	0.06194984	1.13997	2.854652
0	0	0	1
[reg_aladin_sym] Initial backward transformation matrix::
0.9080465	-0.07562111	0.008582644	-7.780703
-0.04388142	0.7541683	0.1273696	-5.129661
-0.05896552	-0.03587488	0.8697144	-1.699697
0	0	0	1
[reg_aladin_sym] * * * * * * * * * * * * * * * * * * * * * * * * * * * * * *
[reg_aladin_sym] Final forward transformation matrix::
1.172459	-0.02310679	0.1067112	11.24178
0.114965	1.181721	-0.1847159	9.329257
0.07665385	0.218021	1.068581	3.562015
0	0	0	1
[reg_aladin_sym] Final backward transformation matrix::
0.8550491	0.03146909	-0.07994761	-9.621083
-0.08990464	0.8167607	0.1501642	-7.14397
-0.04299321	-0.1689	0.9109181	-1.185673
0	0	0	1
[reg_aladin_sym] - - - - - - - - - - - - - - - - - - - - - - - - - - - - - -
[reg_aladin_sym] Current level 3 / 3
[reg_aladin_sym] reference image size: 	135x126x99 voxels	0.499259x0.496825x0.496969 mm
[reg_aladin_sym] floating image size: 	135x126x99 voxels	0.499259x0.496825x0.496969 mm
[reg_aladin_sym] Block size = [4 4 4]
[reg_aladin_sym] * * * * * * * * * * * * * * * * * * * * * * * * * * * * * *
[reg_aladin_sym] Forward Block number = [34 32 25]
[reg_aladin_sym] Backward Block number = [34 32 25]
[reg_aladin_sym] Initial forward transformation matrix::
1.172459	-0.02310679	0.1067112	11.24178
0.114965	1.181721	-0.1847159	9.329257
0.07665385	0.218021	1.068581	3.562015
0	0	0	1
[reg_aladin_sym] Initial backward transformation matrix::
0.8550491	0.03146909	-0.07994761	-9.621083
-0.08990464	0.8167607	0.1501642	-7.14397
-0.04299321	-0.1689	0.9109181	-1.185673
0	0	0	1
[reg_aladin_sym] * * * * * * * * * * * * * * * * * * * * * * * * * * * * * *
[reg_aladin_sym] Final forward transformation matrix::
1.14293	-0.04046515	0.1430252	9.919285
0.08742954	1.233144	-0.2114491	8.180429
0.07374729	0.1971508	1.07258	3.274288
0	0	0	1
[reg_aladin_sym] Final backward transformation matrix::
0.8783892	0.04609753	-0.1080428	-8.736326
-0.0704143	0.7824619	0.1636446	-6.238234
-0.04745251	-0.1469938	0.909681	-1.30539
0	0	0	1
[reg_aladin_sym] - - - - - - - - - - - - - - - - - - - - - - - - - - - - - -
[reg_aladin] Registration performed in 0 min 12 sec
[reg_aladin] Have a good day !

* * * * * * * * * * * * * * * * * * * * * * * * * * * * * * * * * * * * * * * *
Command line:
 reg_resample -ref bucket/RESECT/RESECT/NIFTI/Case3/output/niftyreg/Case3-US.nii -flo bucket/RESECT/RESECT/NIFTI/Case3/output/niftyreg/Case3-MRI-landmarks.nii -res bucket/RESECT/RESECT/NIFTI/Case3/output/niftyreg/Case3-deformed_seg.nii -trans bucket/RESECT/RESECT/NIFTI/Case3/output/niftyreg/affine_matrix.txt -inter 0
Parameters
Reference image name: bucket/RESECT/RESECT/NIFTI/Case3/output/niftyreg/Case3-US.nii
	135x126x99 voxels, 1 volumes
	0.499259x0.496825x0.496969 mm
Floating image name: bucket/RESECT/RESECT/NIFTI/Case3/output/niftyreg/Case3-MRI-landmarks.nii
	135x126x99 voxels, 1 volumes
	0.499259x0.496825x0.496969 mm
* * * * * * * * * * * * * * * * * * * * * * * * * * * * * * * * * * * * * * * *

[NiftyReg] Resampled image has been saved: bucket/RESECT/RESECT/NIFTI/Case3/output/niftyreg/Case3-deformed_seg.nii
Unique image data: [ 0.  1.  2.  3.  4.  5.  6.  7.  8.  9. 10. 11. 12. 13. 14.]
img2 shape: (135, 126, 99)
Unique image data 2: [ 0.  1.  2.  3.  4.  5.  6.  7.  8.  9. 10. 11. 12. 13. 14.]
('landmark error (vox)', 3.8861215925493533)
[reg_aladin] 
[reg_aladin] Command line:
[reg_aladin] 	 reg_aladin -ref bucket/RESECT/RESECT/NIFTI/Case4/output/niftyreg/Case4-US.nii -flo bucket/RESECT/RESECT/NIFTI/Case4/output/niftyreg/Case4-MRI_in_US.nii -res bucket/RESECT/RESECT/NIFTI/Case4/output/niftyreg/Case4-MRI_to_US_result.nii -rmask bucket/RESECT/RESECT/NIFTI/Case4/output/niftyreg/mask_US.nii -fmask bucket/RESECT/RESECT/NIFTI/Case4/output/niftyreg/mask_US.nii -aff bucket/RESECT/RESECT/NIFTI/Case4/output/niftyreg/affine_matrix.txt
[reg_aladin] 
[reg_aladin] OpenMP is used with 8 thread(s)
[reg_aladin_sym] Parameters
[reg_aladin_sym] Platform: cpu_platform
[reg_aladin_sym] Reference image name: bucket/RESECT/RESECT/NIFTI/Case4/output/niftyreg/Case4-US.nii
[reg_aladin_sym] 	144x130x125 voxels
[reg_aladin_sym] 	0.498479x0.496454x0.499272 mm
[reg_aladin_sym] Floating image name: bucket/RESECT/RESECT/NIFTI/Case4/output/niftyreg/Case4-MRI_in_US.nii
[reg_aladin_sym] 	144x130x125 voxels
[reg_aladin_sym] 	0.498479x0.496454x0.499272 mm
[reg_aladin_sym] Maximum iteration number: 5
[reg_aladin_sym] 	(10 during the first level)
[reg_aladin_sym] Percentage of blocks: 50 %
[reg_aladin_sym] * * * * * * * * * * * * * * * * * * * * * * * * * * * * * *
[reg_aladin_sym] Current level 1 / 3
[reg_aladin_sym] reference image size: 	36x33x63 voxels	1.99392x1.98582x0.998544 mm
[reg_aladin_sym] floating image size: 	36x33x63 voxels	1.99392x1.98582x0.998544 mm
[reg_aladin_sym] Block size = [4 4 4]
[reg_aladin_sym] * * * * * * * * * * * * * * * * * * * * * * * * * * * * * *
[reg_aladin_sym] Forward Block number = [9 9 16]
[reg_aladin_sym] Backward Block number = [9 9 16]
[reg_aladin_sym] Initial forward transformation matrix::
1	0	0	0
0	1	0	0
0	0	1	0
0	0	0	1
[reg_aladin_sym] Initial backward transformation matrix::
1	0	0	0
0	1	0	0
0	0	1	0
0	0	0	1
[reg_aladin_sym] * * * * * * * * * * * * * * * * * * * * * * * * * * * * * *
[reg_aladin_sym] Final forward transformation matrix::
1.15266	0.01818698	0.04584981	-3.872127
-0.04167516	1.121119	-0.05064022	-0.1290342
-0.04457197	-0.01284357	1.154045	7.436087
0	0	0	1
[reg_aladin_sym] Final backward transformation matrix::
0.8656814	-0.0144445	-0.03502708	3.610629
0.033707	0.8918524	0.03779589	-0.03545618
0.03380983	0.009367708	0.8655856	-6.304445
0	0	0	1
[reg_aladin_sym] - - - - - - - - - - - - - - - - - - - - - - - - - - - - - -
[reg_aladin_sym] Current level 2 / 3
[reg_aladin_sym] reference image size: 	72x65x63 voxels	0.996958x0.992908x0.998544 mm
[reg_aladin_sym] floating image size: 	72x65x63 voxels	0.996958x0.992908x0.998544 mm
[reg_aladin_sym] Block size = [4 4 4]
[reg_aladin_sym] * * * * * * * * * * * * * * * * * * * * * * * * * * * * * *
[reg_aladin_sym] Forward Block number = [18 17 16]
[reg_aladin_sym] Backward Block number = [18 17 16]
[reg_aladin_sym] Initial forward transformation matrix::
1.15266	0.01818698	0.04584981	-3.872127
-0.04167516	1.121119	-0.05064022	-0.1290342
-0.04457197	-0.01284357	1.154045	7.436087
0	0	0	1
[reg_aladin_sym] Initial backward transformation matrix::
0.8656814	-0.0144445	-0.03502708	3.610629
0.033707	0.8918524	0.03779589	-0.03545618
0.03380983	0.009367708	0.8655856	-6.304445
0	0	0	1
[reg_aladin_sym] * * * * * * * * * * * * * * * * * * * * * * * * * * * * * *
[reg_aladin_sym] Final forward transformation matrix::
1.181248	0.07824857	0.02629264	-6.38683
-0.06425802	0.9856648	-0.02412789	3.221179
0.02007531	-0.007866243	1.043447	2.936431
0	0	0	1
[reg_aladin_sym] Final backward transformation matrix::
0.8432978	-0.06712851	-0.02280155	5.669188
0.05458968	1.010385	0.02198786	-2.970542
-0.01581303	0.008908519	0.9589669	-2.945631
0	0	0	1
[reg_aladin_sym] - - - - - - - - - - - - - - - - - - - - - - - - - - - - - -
[reg_aladin_sym] Current level 3 / 3
[reg_aladin_sym] reference image size: 	144x130x125 voxels	0.498479x0.496454x0.499272 mm
[reg_aladin_sym] floating image size: 	144x130x125 voxels	0.498479x0.496454x0.499272 mm
[reg_aladin_sym] Block size = [4 4 4]
[reg_aladin_sym] * * * * * * * * * * * * * * * * * * * * * * * * * * * * * *
[reg_aladin_sym] Forward Block number = [36 33 32]
[reg_aladin_sym] Backward Block number = [36 33 32]
[reg_aladin_sym] Initial forward transformation matrix::
1.181248	0.07824857	0.02629264	-6.38683
-0.06425802	0.9856648	-0.02412789	3.221179
0.02007531	-0.007866243	1.043447	2.936431
0	0	0	1
[reg_aladin_sym] Initial backward transformation matrix::
0.8432978	-0.06712851	-0.02280155	5.669188
0.05458968	1.010385	0.02198786	-2.970542
-0.01581303	0.008908519	0.9589669	-2.945631
0	0	0	1
[reg_aladin_sym] * * * * * * * * * * * * * * * * * * * * * * * * * * * * * *
[reg_aladin_sym] Final forward transformation matrix::
1.136661	0.01127008	0.04334345	-4.206311
-0.07294577	0.9846632	0.002434519	3.777421
0.01616032	-0.00186256	1.04518	2.847745
0	0	0	1
[reg_aladin_sym] Final backward transformation matrix::
0.8796374	-0.01013695	-0.03645481	3.842134
0.06519859	1.01482	-0.005067577	-3.544725
-0.01348455	0.001965192	0.9573276	-2.790368
0	0	0	1
[reg_aladin_sym] - - - - - - - - - - - - - - - - - - - - - - - - - - - - - -
[reg_aladin] Registration performed in 0 min 16 sec
[reg_aladin] Have a good day !

* * * * * * * * * * * * * * * * * * * * * * * * * * * * * * * * * * * * * * * *
Command line:
 reg_resample -ref bucket/RESECT/RESECT/NIFTI/Case4/output/niftyreg/Case4-US.nii -flo bucket/RESECT/RESECT/NIFTI/Case4/output/niftyreg/Case4-MRI-landmarks.nii -res bucket/RESECT/RESECT/NIFTI/Case4/output/niftyreg/Case4-deformed_seg.nii -trans bucket/RESECT/RESECT/NIFTI/Case4/output/niftyreg/affine_matrix.txt -inter 0
Parameters
Reference image name: bucket/RESECT/RESECT/NIFTI/Case4/output/niftyreg/Case4-US.nii
	144x130x125 voxels, 1 volumes
	0.498479x0.496454x0.499272 mm
Floating image name: bucket/RESECT/RESECT/NIFTI/Case4/output/niftyreg/Case4-MRI-landmarks.nii
	144x130x125 voxels, 1 volumes
	0.498479x0.496454x0.499272 mm
* * * * * * * * * * * * * * * * * * * * * * * * * * * * * * * * * * * * * * * *

[NiftyReg] Resampled image has been saved: bucket/RESECT/RESECT/NIFTI/Case4/output/niftyreg/Case4-deformed_seg.nii
Unique image data: [ 0.  1.  2.  3.  4.  5.  6.  7.  8.  9. 10. 11. 12. 13. 14.]
img2 shape: (144, 130, 125)
Unique image data 2: [ 0.  1.  2.  3.  4.  5.  6.  7.  8.  9. 10. 11. 12. 13. 14.]
('landmark error (vox)', 3.5045256260285993)
[reg_aladin] 
[reg_aladin] Command line:
[reg_aladin] 	 reg_aladin -ref bucket/RESECT/RESECT/NIFTI/Case5/output/niftyreg/Case5-US.nii -flo bucket/RESECT/RESECT/NIFTI/Case5/output/niftyreg/Case5-MRI_in_US.nii -res bucket/RESECT/RESECT/NIFTI/Case5/output/niftyreg/Case5-MRI_to_US_result.nii -rmask bucket/RESECT/RESECT/NIFTI/Case5/output/niftyreg/mask_US.nii -fmask bucket/RESECT/RESECT/NIFTI/Case5/output/niftyreg/mask_US.nii -aff bucket/RESECT/RESECT/NIFTI/Case5/output/niftyreg/affine_matrix.txt
[reg_aladin] 
[reg_aladin] OpenMP is used with 8 thread(s)
[reg_aladin_sym] Parameters
[reg_aladin_sym] Platform: cpu_platform
[reg_aladin_sym] Reference image name: bucket/RESECT/RESECT/NIFTI/Case5/output/niftyreg/Case5-US.nii
[reg_aladin_sym] 	157x163x135 voxels
[reg_aladin_sym] 	0.498447x0.497935x0.498915 mm
[reg_aladin_sym] Floating image name: bucket/RESECT/RESECT/NIFTI/Case5/output/niftyreg/Case5-MRI_in_US.nii
[reg_aladin_sym] 	157x163x135 voxels
[reg_aladin_sym] 	0.498447x0.497935x0.498915 mm
[reg_aladin_sym] Maximum iteration number: 5
[reg_aladin_sym] 	(10 during the first level)
[reg_aladin_sym] Percentage of blocks: 50 %
[reg_aladin_sym] * * * * * * * * * * * * * * * * * * * * * * * * * * * * * *
[reg_aladin_sym] Current level 1 / 3
[reg_aladin_sym] reference image size: 	40x41x34 voxels	1.99379x1.99174x1.99566 mm
[reg_aladin_sym] floating image size: 	40x41x34 voxels	1.99379x1.99174x1.99566 mm
[reg_aladin_sym] Block size = [4 4 4]
[reg_aladin_sym] * * * * * * * * * * * * * * * * * * * * * * * * * * * * * *
[reg_aladin_sym] Forward Block number = [10 11 9]
[reg_aladin_sym] Backward Block number = [10 11 9]
[reg_aladin_sym] Initial forward transformation matrix::
1	0	0	0
0	1	0	0
0	0	1	0
0	0	0	1
[reg_aladin_sym] Initial backward transformation matrix::
1	0	0	0
0	1	0	0
0	0	1	0
0	0	0	1
[reg_aladin_sym] * * * * * * * * * * * * * * * * * * * * * * * * * * * * * *
[reg_aladin_sym] Final forward transformation matrix::
0.9838923	-0.108816	-0.04582744	5.072369
0.09727307	1.271549	0.2602634	4.781735
0.0705792	0.01773098	0.9862632	8.425136
0	0	0	1
[reg_aladin_sym] Final backward transformation matrix::
1.006162	0.08576849	0.02411873	-5.716949
-0.06246312	0.7840225	-0.2097969	-1.664585
-0.07088022	-0.0202329	1.015974	-8.103438
0	0	0	1
[reg_aladin_sym] - - - - - - - - - - - - - - - - - - - - - - - - - - - - - -
[reg_aladin_sym] Current level 2 / 3
[reg_aladin_sym] reference image size: 	79x82x68 voxels	0.996893x0.995871x0.997831 mm
[reg_aladin_sym] floating image size: 	79x82x68 voxels	0.996893x0.995871x0.997831 mm
[reg_aladin_sym] Block size = [4 4 4]
[reg_aladin_sym] * * * * * * * * * * * * * * * * * * * * * * * * * * * * * *
[reg_aladin_sym] Forward Block number = [20 21 17]
[reg_aladin_sym] Backward Block number = [20 21 17]
[reg_aladin_sym] Initial forward transformation matrix::
0.9838923	-0.108816	-0.04582744	5.072369
0.09727307	1.271549	0.2602634	4.781735
0.0705792	0.01773098	0.9862632	8.425136
0	0	0	1
[reg_aladin_sym] Initial backward transformation matrix::
1.006162	0.08576849	0.02411873	-5.716949
-0.06246312	0.7840225	-0.2097969	-1.664585
-0.07088022	-0.0202329	1.015974	-8.103438
0	0	0	1
[reg_aladin_sym] * * * * * * * * * * * * * * * * * * * * * * * * * * * * * *
[reg_aladin_sym] Final forward transformation matrix::
1.131152	-0.122463	-0.09393002	13.02214
0.05536333	1.196946	0.1692045	0.9986367
0.08501655	0.05691397	1.138432	10.88398
0	0	0	1
[reg_aladin_sym] Final backward transformation matrix::
0.8753495	0.08673835	0.05933167	-12.13131
-0.03146975	0.8382876	-0.1271907	0.956999
-0.06379662	-0.04838626	0.880329	-8.702389
0	0	0	1
[reg_aladin_sym] - - - - - - - - - - - - - - - - - - - - - - - - - - - - - -
[reg_aladin_sym] Current level 3 / 3
[reg_aladin_sym] reference image size: 	157x163x135 voxels	0.498447x0.497935x0.498915 mm
[reg_aladin_sym] floating image size: 	157x163x135 voxels	0.498447x0.497935x0.498915 mm
[reg_aladin_sym] Block size = [4 4 4]
[reg_aladin_sym] * * * * * * * * * * * * * * * * * * * * * * * * * * * * * *
[reg_aladin_sym] Forward Block number = [40 41 34]
[reg_aladin_sym] Backward Block number = [40 41 34]
[reg_aladin_sym] Initial forward transformation matrix::
1.131152	-0.122463	-0.09393002	13.02214
0.05536333	1.196946	0.1692045	0.9986367
0.08501655	0.05691397	1.138432	10.88398
0	0	0	1
[reg_aladin_sym] Initial backward transformation matrix::
0.8753495	0.08673835	0.05933167	-12.13131
-0.03146975	0.8382876	-0.1271907	0.956999
-0.06379662	-0.04838626	0.880329	-8.702389
0	0	0	1
[reg_aladin_sym] * * * * * * * * * * * * * * * * * * * * * * * * * * * * * *
[reg_aladin_sym] Final forward transformation matrix::
1.210972	-0.1441677	-0.07671799	18.11649
0.0311785	1.16644	0.1036185	-1.023321
0.06348093	0.09057505	1.137089	9.166707
0	0	0	1
[reg_aladin_sym] Final backward transformation matrix::
0.8208283	0.09784336	0.0464642	-15.19633
-0.01799701	0.8612736	-0.07969878	1.937977
-0.04439132	-0.07406732	0.8831934	-7.367555
0	0	0	1
[reg_aladin_sym] - - - - - - - - - - - - - - - - - - - - - - - - - - - - - -
[reg_aladin] Registration performed in 0 min 15 sec
[reg_aladin] Have a good day !

* * * * * * * * * * * * * * * * * * * * * * * * * * * * * * * * * * * * * * * *
Command line:
 reg_resample -ref bucket/RESECT/RESECT/NIFTI/Case5/output/niftyreg/Case5-US.nii -flo bucket/RESECT/RESECT/NIFTI/Case5/output/niftyreg/Case5-MRI-landmarks.nii -res bucket/RESECT/RESECT/NIFTI/Case5/output/niftyreg/Case5-deformed_seg.nii -trans bucket/RESECT/RESECT/NIFTI/Case5/output/niftyreg/affine_matrix.txt -inter 0
Parameters
Reference image name: bucket/RESECT/RESECT/NIFTI/Case5/output/niftyreg/Case5-US.nii
	157x163x135 voxels, 1 volumes
	0.498447x0.497935x0.498915 mm
Floating image name: bucket/RESECT/RESECT/NIFTI/Case5/output/niftyreg/Case5-MRI-landmarks.nii
	157x163x135 voxels, 1 volumes
	0.498447x0.497935x0.498915 mm
* * * * * * * * * * * * * * * * * * * * * * * * * * * * * * * * * * * * * * * *

[NiftyReg] Resampled image has been saved: bucket/RESECT/RESECT/NIFTI/Case5/output/niftyreg/Case5-deformed_seg.nii
Unique image data: [ 0.  1.  2.  3.  4.  5.  6.  7.  8.  9. 10. 11. 12. 13. 14.]
img2 shape: (157, 163, 135)
Unique image data 2: [ 0.  1.  2.  3.  4.  5.  6.  7.  8.  9. 10. 11. 12. 13. 14.]
('landmark error (vox)', 7.127376616941611)
[reg_aladin] 
[reg_aladin] Command line:
[reg_aladin] 	 reg_aladin -ref bucket/RESECT/RESECT/NIFTI/Case6/output/niftyreg/Case6-US.nii -flo bucket/RESECT/RESECT/NIFTI/Case6/output/niftyreg/Case6-MRI_in_US.nii -res bucket/RESECT/RESECT/NIFTI/Case6/output/niftyreg/Case6-MRI_to_US_result.nii -rmask bucket/RESECT/RESECT/NIFTI/Case6/output/niftyreg/mask_US.nii -fmask bucket/RESECT/RESECT/NIFTI/Case6/output/niftyreg/mask_US.nii -aff bucket/RESECT/RESECT/NIFTI/Case6/output/niftyreg/affine_matrix.txt
[reg_aladin] 
[reg_aladin] OpenMP is used with 8 thread(s)
[reg_aladin_sym] Parameters
[reg_aladin_sym] Platform: cpu_platform
[reg_aladin_sym] Reference image name: bucket/RESECT/RESECT/NIFTI/Case6/output/niftyreg/Case6-US.nii
[reg_aladin_sym] 	118x189x143 voxels
[reg_aladin_sym] 	0.498895x0.497866x0.499301 mm
[reg_aladin_sym] Floating image name: bucket/RESECT/RESECT/NIFTI/Case6/output/niftyreg/Case6-MRI_in_US.nii
[reg_aladin_sym] 	118x189x143 voxels
[reg_aladin_sym] 	0.498895x0.497866x0.499301 mm
[reg_aladin_sym] Maximum iteration number: 5
[reg_aladin_sym] 	(10 during the first level)
[reg_aladin_sym] Percentage of blocks: 50 %
[reg_aladin_sym] * * * * * * * * * * * * * * * * * * * * * * * * * * * * * *
[reg_aladin_sym] Current level 1 / 3
[reg_aladin_sym] reference image size: 	59x48x36 voxels	0.997789x1.99147x1.9972 mm
[reg_aladin_sym] floating image size: 	59x48x36 voxels	0.997789x1.99147x1.9972 mm
[reg_aladin_sym] Block size = [4 4 4]
[reg_aladin_sym] * * * * * * * * * * * * * * * * * * * * * * * * * * * * * *
[reg_aladin_sym] Forward Block number = [15 12 9]
[reg_aladin_sym] Backward Block number = [15 12 9]
[reg_aladin_sym] Initial forward transformation matrix::
1	0	0	0
0	1	0	0
0	0	1	0
0	0	0	1
[reg_aladin_sym] Initial backward transformation matrix::
1	0	0	0
0	1	0	0
0	0	1	0
0	0	0	1
[reg_aladin_sym] * * * * * * * * * * * * * * * * * * * * * * * * * * * * * *
[reg_aladin_sym] Final forward transformation matrix::
1.233906	0.1731088	0.01436249	-1.492334
-0.02246202	1.133874	0.2026681	8.519814
0.07261958	0.1701814	1.061892	2.82737
0	0	0	1
[reg_aladin_sym] Final backward transformation matrix::
0.8073913	-0.1252123	0.0129772	2.234991
0.02662622	0.9038107	-0.1728575	-7.171832
-0.05948222	-0.136284	0.9685303	-1.666047
0	0	0	1
[reg_aladin_sym] - - - - - - - - - - - - - - - - - - - - - - - - - - - - - -
[reg_aladin_sym] Current level 2 / 3
[reg_aladin_sym] reference image size: 	59x95x72 voxels	0.997789x0.995733x0.998602 mm
[reg_aladin_sym] floating image size: 	59x95x72 voxels	0.997789x0.995733x0.998602 mm
[reg_aladin_sym] Block size = [4 4 4]
[reg_aladin_sym] * * * * * * * * * * * * * * * * * * * * * * * * * * * * * *
[reg_aladin_sym] Forward Block number = [15 24 18]
[reg_aladin_sym] Backward Block number = [15 24 18]
[reg_aladin_sym] Initial forward transformation matrix::
1.233906	0.1731088	0.01436249	-1.492334
-0.02246202	1.133874	0.2026681	8.519814
0.07261958	0.1701814	1.061892	2.82737
0	0	0	1
[reg_aladin_sym] Initial backward transformation matrix::
0.8073913	-0.1252123	0.0129772	2.234991
0.02662622	0.9038107	-0.1728575	-7.171832
-0.05948222	-0.136284	0.9685303	-1.666047
0	0	0	1
[reg_aladin_sym] * * * * * * * * * * * * * * * * * * * * * * * * * * * * * *
[reg_aladin_sym] Final forward transformation matrix::
1.233044	0.06236409	0.04718556	-4.177874
-0.08315706	1.007558	0.0705484	4.355923
-0.03998413	0.04959081	1.119296	4.761181
0	0	0	1
[reg_aladin_sym] Final backward transformation matrix::
0.8067325	-0.04841001	-0.03095774	3.728692
0.0647653	0.9917005	-0.06523642	-3.738587
0.0259491	-0.04566697	0.8952031	-3.95489
0	0	0	1
[reg_aladin_sym] - - - - - - - - - - - - - - - - - - - - - - - - - - - - - -
[reg_aladin_sym] Current level 3 / 3
[reg_aladin_sym] reference image size: 	118x189x143 voxels	0.498895x0.497866x0.499301 mm
[reg_aladin_sym] floating image size: 	118x189x143 voxels	0.498895x0.497866x0.499301 mm
[reg_aladin_sym] Block size = [4 4 4]
[reg_aladin_sym] * * * * * * * * * * * * * * * * * * * * * * * * * * * * * *
[reg_aladin_sym] Forward Block number = [30 48 36]
[reg_aladin_sym] Backward Block number = [30 48 36]
[reg_aladin_sym] Initial forward transformation matrix::
1.233044	0.06236409	0.04718556	-4.177874
-0.08315706	1.007558	0.0705484	4.355923
-0.03998413	0.04959081	1.119296	4.761181
0	0	0	1
[reg_aladin_sym] Initial backward transformation matrix::
0.8067325	-0.04841001	-0.03095774	3.728692
0.0647653	0.9917005	-0.06523642	-3.738587
0.0259491	-0.04566697	0.8952031	-3.95489
0	0	0	1
[reg_aladin_sym] * * * * * * * * * * * * * * * * * * * * * * * * * * * * * *
[reg_aladin_sym] Final forward transformation matrix::
1.262291	0.05652408	0.06070637	-5.403573
-0.04474432	0.9986383	0.03083655	1.325781
-0.01941432	0.02610903	1.023431	0.3645359
0	0	0	1
[reg_aladin_sym] Final backward transformation matrix::
0.7899671	-0.04352224	-0.04554675	4.342948
0.03495954	1.000227	-0.03221107	-1.125434
0.01409368	-0.02634268	0.9770632	-0.2450938
0	0	0	1
[reg_aladin_sym] - - - - - - - - - - - - - - - - - - - - - - - - - - - - - -
[reg_aladin] Registration performed in 0 min 15 sec
[reg_aladin] Have a good day !

* * * * * * * * * * * * * * * * * * * * * * * * * * * * * * * * * * * * * * * *
Command line:
 reg_resample -ref bucket/RESECT/RESECT/NIFTI/Case6/output/niftyreg/Case6-US.nii -flo bucket/RESECT/RESECT/NIFTI/Case6/output/niftyreg/Case6-MRI-landmarks.nii -res bucket/RESECT/RESECT/NIFTI/Case6/output/niftyreg/Case6-deformed_seg.nii -trans bucket/RESECT/RESECT/NIFTI/Case6/output/niftyreg/affine_matrix.txt -inter 0
Parameters
Reference image name: bucket/RESECT/RESECT/NIFTI/Case6/output/niftyreg/Case6-US.nii
	118x189x143 voxels, 1 volumes
	0.498895x0.497866x0.499301 mm
Floating image name: bucket/RESECT/RESECT/NIFTI/Case6/output/niftyreg/Case6-MRI-landmarks.nii
	118x189x143 voxels, 1 volumes
	0.498895x0.497866x0.499301 mm
* * * * * * * * * * * * * * * * * * * * * * * * * * * * * * * * * * * * * * * *

[NiftyReg] Resampled image has been saved: bucket/RESECT/RESECT/NIFTI/Case6/output/niftyreg/Case6-deformed_seg.nii
Unique image data: [ 0.  1.  2.  3.  4.  5.  6.  7.  8.  9. 10. 11. 12. 13. 14.]
img2 shape: (118, 189, 143)
Unique image data 2: [ 0.  1.  2.  3.  4.  5.  6.  7.  8.  9. 10. 11. 12. 13. 14.]
('landmark error (vox)', 3.447599934171403)
[reg_aladin] 
[reg_aladin] Command line:
[reg_aladin] 	 reg_aladin -ref bucket/RESECT/RESECT/NIFTI/Case7/output/niftyreg/Case7-US.nii -flo bucket/RESECT/RESECT/NIFTI/Case7/output/niftyreg/Case7-MRI_in_US.nii -res bucket/RESECT/RESECT/NIFTI/Case7/output/niftyreg/Case7-MRI_to_US_result.nii -rmask bucket/RESECT/RESECT/NIFTI/Case7/output/niftyreg/mask_US.nii -fmask bucket/RESECT/RESECT/NIFTI/Case7/output/niftyreg/mask_US.nii -aff bucket/RESECT/RESECT/NIFTI/Case7/output/niftyreg/affine_matrix.txt
[reg_aladin] 
[reg_aladin] OpenMP is used with 8 thread(s)
[reg_aladin_sym] Parameters
[reg_aladin_sym] Platform: cpu_platform
[reg_aladin_sym] Reference image name: bucket/RESECT/RESECT/NIFTI/Case7/output/niftyreg/Case7-US.nii
[reg_aladin_sym] 	161x171x176 voxels
[reg_aladin_sym] 	0.499727x0.499115x0.498835 mm
[reg_aladin_sym] Floating image name: bucket/RESECT/RESECT/NIFTI/Case7/output/niftyreg/Case7-MRI_in_US.nii
[reg_aladin_sym] 	161x171x176 voxels
[reg_aladin_sym] 	0.499727x0.499115x0.498835 mm
[reg_aladin_sym] Maximum iteration number: 5
[reg_aladin_sym] 	(10 during the first level)
[reg_aladin_sym] Percentage of blocks: 50 %
[reg_aladin_sym] * * * * * * * * * * * * * * * * * * * * * * * * * * * * * *
[reg_aladin_sym] Current level 1 / 3
[reg_aladin_sym] reference image size: 	41x43x44 voxels	1.99891x1.99646x1.99534 mm
[reg_aladin_sym] floating image size: 	41x43x44 voxels	1.99891x1.99646x1.99534 mm
[reg_aladin_sym] Block size = [4 4 4]
[reg_aladin_sym] * * * * * * * * * * * * * * * * * * * * * * * * * * * * * *
[reg_aladin_sym] Forward Block number = [11 11 11]
[reg_aladin_sym] Backward Block number = [11 11 11]
[reg_aladin_sym] Initial forward transformation matrix::
1	0	0	0
0	1	0	0
0	0	1	0
0	0	0	1
[reg_aladin_sym] Initial backward transformation matrix::
1	0	0	0
0	1	0	0
0	0	1	0
0	0	0	1
[reg_aladin_sym] * * * * * * * * * * * * * * * * * * * * * * * * * * * * * *
[reg_aladin_sym] Final forward transformation matrix::
1.139101	-0.001351738	0.06833263	1.175641
0.05964576	1.040298	-0.05006079	-1.932176
0.01043169	0.1430958	1.008579	0.3452929
0	0	0	1
[reg_aladin_sym] Final backward transformation matrix::
0.8779411	0.009259428	-0.05902213	-0.9938729
-0.05042963	0.9542124	0.05077899	1.88546
-0.001925616	-0.1354781	0.9848999	-0.5995827
0	0	0	1
[reg_aladin_sym] - - - - - - - - - - - - - - - - - - - - - - - - - - - - - -
[reg_aladin_sym] Current level 2 / 3
